1000
-100 -58
605 -175
-43 784
-558 -238
639 -534
107 -31
454 -878
93 -633
-237 934
-65 -500
403 -138
-522 -979
-48 178
508 -822
-9 289
218 740
-703 -504
-815 -346
576 -858
634 -863
-318 -204
600 -523
-586 943
71 992
-638 321
456 -803
-644 634
-69 627
779 739
302 558
20 -157
420 -588
-665 547
16 -969
-332 -282
526 -149
-111 102
758 -795
-433 -637
207 -249
962 -782
652 -743
-936 872
552 -497
685 629
670 -478
125 -303
-597 -810
-812 -482
-494 904
839 -874
-788 -941
-26 425
-602 -612
410 84
343 311
12 -782
-820 387
-402 -454
-128 -492
-465 681
-447 187
-861 530
-929 563
328 419
-683 -264
625 192
-96 -183
-539 890
336 774
367 16
190 233
265 749
-301 811
-541 339
-219 -100
-495 -937
384 -308
331 -21
-559 -87
286 848
-404 -231
747 -799
928 832
-577 457
620 -356
795 -224
-431 -526
-971 -175
-898 34
580 643
-954 -923
321 281
-666 -297
-106 -851
-854 -974
-599 485
-767 -484
-403 -598
-270 -798
-758 427
-454 298
728 699
-324 896
668 -207
275 330
571 -189
543 344
17 925
825 160
203 851
438 -915
-442 598
115 513
-746 -495
873 -570
602 678
-845 58
631 -174
823 4
-405 -157
-152 -753
-526 154
-984 900
178 419
-737 -234
817 -893
-566 -78
-547 -708
614 823
-526 -325
-716 917
742 933
225 -476
903 -590
935 202
-463 -254
-305 -891
-741 -550
331 -657
698 -224
-951 12
-785 401
876 -737
-163 -493
851 28
193 -955
-989 -543
454 247
277 67
-889 915
-946 -204
-733 -391
427 -488
580 -816
-534 -328
-230 -404
827 -846
65 427
860 -262
513 -231
-567 737
-975 958
-31 -251
-409 509
-171 -418
766 -232
849 988
-883 876
902 -425
14 53
521 -220
-850 -189
-518 473
210 -407
860 624
-662 689
-35 578
-234 713
-812 -862
304 -803
-866 -515
797 -398
-407 627
-775 75
-785 688
572 -788
-795 963
890 692
-359 -977
174 514
-538 343
-522 -785
-711 958
-110 825
-185 867
803 -625
194 969
571 -983
934 962
-471 577
-789 -481
193 -715
-643 661
-149 -656
-325 134
-92 516
-377 972
-853 881
494 -447
-197 -484
618 325
-902 -559
246 246
879 71
-114 -359
-475 327
-779 258
996 -404
-580 218
-550 961
-806 906
548 -611
-587 -271
122 -946
-593 -184
839 474
976 -447
9 130
776 -693
193 -469
-422 210
-988 366
-178 -635
-469 440
714 -380
407 -933
806 713
-96 885
24 -764
-22 -806
-151 720
510 343
390 -7
-594 261
-742 914
669 -621
-740 -887
-653 -682
826 581
528 -936
171 -994
-5 -721
-896 -46
971 461
-992 -489
-402 89
634 -238
760 980
-21 977
720 992
659 -901
636 -696
-456 -809
-310 391
546 -341
892 -67
339 413
43 -706
-73 803
921 789
-208 -779
-332 867
568 716
-287 -548
-777 -7
928 -434
-560 174
607 -289
-84 -309
-999 632
282 -862
-37 -529
-109 25
437 -599
857 951
352 503
165 433
929 992
447 374
-826 790
980 423
-682 62
53 719
273 -42
-779 745
-949 -330
-170 823
10 -942
857 -828
863 219
-534 122
-201 695
-214 -142
178 513
-689 -693
372 484
211 551
984 144
-809 -911
-492 873
430 -353
164 723
722 -207
729 296
640 841
-184 956
71 553
472 167
681 860
515 566
192 -394
971 980
504 -945
65 314
791 665
859 -514
-627 -670
-783 -656
990 651
997 986
-239 406
845 -596
976 -738
13 -812
-762 949
596 871
-886 -114
-437 -305
564 -483
-231 403
-971 -152
-442 298
-1000 -370
-855 -826
401 -724
370 145
355 149
302 446
232 -459
-510 982
-279 -467
881 235
-654 284
919 747
-541 915
96 839
-420 562
-483 -489
-366 280
-818 -63
-282 319
-414 -497
426 997
842 293
-868 -553
405 735
-496 672
-865 -449
893 -536
-510 -777
-624 620
608 -123
-648 760
325 546
-293 -838
-377 -308
-303 -551
-437 498
345 -979
-571 749
959 319
-812 848
332 -680
-322 -701
758 -389
-93 -335
372 -339
666 114
255 411
501 -724
-479 56
314 -662
-666 867
643 -220
-900 -50
82 -800
-12 -236
449 -574
-185 334
133 42
-321 683
-16 831
116 -290
444 226
-569 13
-505 297
-754 892
-845 610
868 -958
352 -790
-206 652
-632 369
488 -833
-276 540
-66 464
678 -68
898 -835
209 435
-605 837
-836 -16
-976 335
-314 -94
-579 246
856 570
-470 -529
-852 -891
-347 149
668 817
-531 -565
987 223
-970 -637
300 708
888 811
0 -596
372 263
-647 985
912 671
-867 863
-302 -158
-327 880
-206 670
914 -239
-485 110
-841 -313
185 -755
-368 -536
70 -171
284 189
-380 -602
-39 -123
563 103
846 -579
220 333
-677 -109
98 -945
177 -974
376 677
-35 -91
588 853
-671 960
-120 301
740 -784
880 -439
-524 -214
304 -267
-633 -798
861 878
779 -686
-185 -583
928 925
510 -89
-768 837
-771 -441
797 757
-809 -660
-535 -296
-708 -671
-435 395
-590 158
-981 241
-105 -610
-69 -59
523 -501
-403 -226
52 32
43 -395
-812 826
-731 223
59 155
831 -529
271 690
-584 -431
398 81
551 871
972 613
-379 137
-660 467
-460 -887
-76 534
-454 -754
285 66
-306 290
257 621
-235 186
-194 -925
-77 926
383 663
-672 -704
-329 -672
-438 -767
1000 569
-215 -609
-425 840
-237 953
557 190
177 -736
354 -70
591 -957
206 -737
-496 308
154 -797
605 -539
-796 -329
909 -289
573 869
646 -225
-963 318
-675 2
-970 -848
-902 900
278 -920
-902 -57
-906 54
369 -106
643 -630
-674 510
279 -803
-160 874
775 774
164 472
-939 773
278 -494
756 -451
-145 -939
-868 -673
223 860
-433 -539
-280 488
584 -350
347 578
-460 -296
-126 -452
98 -11
-479 -76
508 -822
660 76
-417 882
-886 -856
-66 105
549 -258
291 806
-505 -55
-986 -7
-491 188
-861 -805
519 43
741 -319
-905 264
-225 -965
-778 80
-824 -760
-988 -644
-420 66
244 619
-276 -278
881 -696
-585 805
954 484
-667 480
-265 -832
576 444
61 -50
-797 -640
997 588
-536 -687
-807 526
-820 967
-103 482
-268 215
-570 319
143 33
379 95
-596 815
-689 11
852 -626
974 390
-808 -577
-919 -330
253 202
-617 -969
-695 -424
-382 -849
775 -490
540 454
967 -509
869 595
576 -426
634 -955
-851 100
-781 526
-490 -719
607 -848
-963 -65
-889 -966
333 315
618 446
-311 97
-644 -690
-156 671
-527 116
197 -166
436 260
522 777
280 -577
535 948
752 -765
-623 701
317 838
-603 -698
119 -166
-997 -794
-133 518
-753 426
-299 816
-371 400
-215 -608
585 -547
-564 87
-397 -528
766 84
-66 -834
917 559
-124 -470
-156 162
-198 622
1000 -925
-306 -970
-647 -233
347 -366
122 -57
746 48
618 46
529 333
854 -191
-447 892
-662 -785
716 -910
-354 -623
-692 -179
232 436
-226 -482
73 -530
696 -658
105 -447
-896 -182
-230 929
174 -643
165 677
-577 -518
-647 622
725 912
553 96
993 79
-690 533
-667 768
-170 796
328 -368
-401 -307
923 343
199 819
-374 96
-777 469
-741 478
181 465
-96 933
-972 681
-658 58
267 585
864 513
199 -176
-263 -286
-457 721
-29 -867
-994 882
403 883
-724 97
-489 112
997 -280
-781 702
720 433
-401 237
402 102
-262 -495
894 880
-828 -457
-709 -732
413 -98
828 -727
-799 -38
-836 133
-467 -791
524 -253
-404 -968
-475 554
882 -29
-607 936
627 722
179 214
371 578
903 -483
510 351
240 -913
629 -524
446 853
-743 335
-640 -995
-173 973
189 -523
-780 294
-320 -955
449 377
867 -84
100 994
741 805
560 -754
-937 864
-799 -365
379 219
18 477
-782 945
376 739
-430 -483
-837 468
-681 822
-49 -139
-742 -511
-263 -92
-894 902
-127 924
-598 122
248 884
-793 -873
570 -127
-28 -695
-172 -410
-986 -383
31 -565
445 898
793 -611
23 -346
-639 -30
-258 -864
177 -48
141 755
-207 412
903 -120
237 -748
-38 -153
-74 -941
214 204
-73 153
-239 29
-810 460
-932 339
-674 -672
-43 685
759 631
790 -305
570 46
550 677
-804 129
-82 -754
704 -725
268 151
829 967
-774 735
-204 402
692 -579
-437 621
702 742
251 29
-415 -542
943 -626
236 343
-667 -376
-536 702
916 519
-955 855
687 -485
866 3
-678 -109
814 -826
291 -280
-410 626
-401 0
-464 970
412 -874
678 -396
209 261
350 -787
754 18
-675 -297
-228 554
71 -202
-155 -564
299 -297
-52 149
959 263
-872 889
302 -196
748 954
195 346
27 413
808 594
-409 -383
330 401
-518 212
-875 635
-416 725
201 382
956 401
-79 -616
988 -667
572 703
-857 841
969 207
189 111
-24 -594
432 323
-398 -273
371 800
802 -289
-712 -418
-88 -456
656 -956
-169 -629
-344 -832
-363 -230
-286 60
-506 -346
-961 -347
-709 420
-394 -880
611 -105
-177 -59
-257 644
-934 -570
-428 -338
-942 -342
-213 -191
-462 307
-723 -11
961 -853
-93 917
147 -286
753 738
637 305
-474 -634
416 163
761 19
-228 -248
222 570
-310 416
632 480
44 119
-839 394
-479 570
-456 176
-508 651
-255 967
291 -287
543 291
-629 921
-269 806
-215 -315
15 445
215 888
328 817
995 -574
-610 356
119 -213
-757 -899
-610 -830
809 -423
-253 -372
221 399
-353 238
-251 -395
548 -226
22 582
-636 -340
-355 -697
-50 -875
-592 -472
732 -91
-801 -813
19 -363
303 568
672 471
430 -947
585 438
959 -223
713 -750
-821 688
-661 541
570 123
556 583
-402 931
651 396
-636 -810
385 336
-670 339
-148 -211
158 -984
-368 -400
-551 674
-15 -169
136 756
967 -269
-422 502
-218 790
-907 -303
-756 -27
-997 -372
-648 -722
652 -379
-812 -551
241 628
-163 768
188 756
35 966
336 -282
-959 710
-11 818
390 935
363 -523
36 -509
377 404
-438 -376
-79 -342
459 245
-716 976
-387 518
-684 -911
-436 738
-429 432
-371 -1
485 -822
-32 -627
-695 -712
202 643
634 -248
-381 -986
-500 934
385 -145
589 991
-9 -80
73 -508
-871 -917
618 468
-257 769
796 24
-837 901
-271 -491
95 19
-572 74
-888 909
-830 -76
176 -377
851 810
77 -1000
175 -439
-162 -423
892 -1000
-310 959
894 -786
-55 576
901 -149
-880 -853
-678 -629
367 997
-996 172
575 56
-317 554
-540 -266
873 391
-251 -573
-473 -989
255 -112
