1000
30 -677
471 -724
-21 -489
371 418
-423 -703
366 638
512 -691
577 -330
-313 -350
-114 677
-929 933
-955 -991
-116 300
821 -91
209 -296
644 -915
731 -235
994 -782
700 -264
215 70
570 183
-786 -751
152 111
-967 -919
748 671
209 -382
-167 168
701 464
534 519
-243 248
198 -380
780 -608
786 -749
-944 -735
-581 279
895 96
306 998
310 273
-151 614
37 -599
941 744
264 440
-519 405
607 381
-867 391
737 451
-644 744
-85 -396
702 947
-899 -212
958 124
-99 459
-415 -226
244 871
309 -366
830 -910
-951 955
-266 778
50 482
693 -830
-865 742
724 315
-271 119
345 507
-957 -894
308 183
564 461
-906 17
-735 -622
-899 976
-332 -303
268 -980
668 -777
-204 539
-248 446
-999 -861
50 478
924 -586
-957 5
988 45
-576 -684
-904 -381
915 -555
-552 782
258 264
-292 42
-758 -710
-175 454
934 -443
-882 -596
-769 808
-559 -998
691 -400
535 88
706 -129
-377 -194
267 1
132 -957
369 691
-944 407
530 -280
386 305
530 114
-157 -445
-701 300
362 81
-690 -715
289 359
426 -562
-505 -797
-947 895
155 -473
-203 672
-925 170
-539 24
633 -550
99 624
194 -737
-45 -924
32 384
-983 -875
-321 794
239 61
-312 -781
427 913
-9 -596
600 217
-152 344
-456 673
571 -762
-88 -519
-248 -884
-458 -64
185 449
-375 798
-284 -349
-857 802
717 -201
201 -725
-345 -770
175 -224
-558 101
791 188
-664 793
344 -61
-989 762
117 -191
-890 -744
242 -549
-346 159
-926 612
-661 215
-459 676
-890 618
808 285
-439 -799
-52 -630
269 -16
255 870
374 -199
-414 236
782 -219
151 218
20 370
-872 57
-607 -780
-484 -442
-290 -417
630 -814
741 -447
-151 151
408 827
337 -881
880 -737
-458 -214
328 705
717 -333
506 102
-229 375
-590 -139
-555 470
-572 -22
-651 -108
-991 -842
-621 854
-520 174
298 -101
-694 208
-269 -714
-327 -829
-361 -81
435 -19
232 675
53 62
913 663
576 -477
733 -755
33 -695
145 -172
-471 495
564 -965
692 77
554 -986
486 -911
-921 -779
797 -531
-37 -785
-953 -491
-563 -468
-467 -983
-808 421
935 -698
844 -477
-530 -405
-592 -711
181 548
-731 -74
482 -867
-806 193
796 -380
-619 105
131 685
604 -921
888 -937
-559 -895
-954 599
404 952
-737 -704
-821 -467
1000 -234
824 -587
244 164
880 55
947 -19
735 593
-53 341
-557 960
556 -126
-664 -870
-210 71
-593 87
940 709
23 769
963 746
-804 339
367 -991
-498 49
866 -405
84 40
-71 -711
362 85
-975 697
-626 141
-309 -885
-386 442
-538 354
-946 263
300 528
454 94
-703 -956
-840 -416
-935 791
489 -749
-441 -264
-370 580
514 -754
195 247
-773 -724
-659 341
-101 761
-930 305
-25 -869
-99 -498
-547 756
279 616
399 230
-860 759
-425 -904
259 -210
956 386
818 -39
-229 -183
784 -882
-131 818
-686 835
-966 184
-983 968
-232 528
-970 -739
-278 -884
-735 979
-232 992
254 681
375 -560
-540 895
50 986
749 -440
-981 485
105 -547
-865 -538
567 739
942 534
947 -608
-854 -943
571 -919
-831 360
-896 -209
-228 168
-821 -243
929 -895
427 509
-291 630
-666 586
-179 510
-680 211
-924 -757
-321 503
-289 -768
782 -502
-464 892
-40 840
602 254
-82 -633
-606 -259
-99 -18
-301 401
-830 782
-83 308
289 -667
-528 -322
-485 -683
860 348
-217 -591
-576 724
-126 -833
726 593
-61 -251
815 348
-987 739
-764 598
703 682
-864 660
635 -175
268 -838
-619 -568
-228 -208
958 -597
517 105
71 -917
900 -772
-746 997
-378 -375
-197 110
-400 458
119 -107
-235 768
-574 273
-65 -514
-62 466
983 -522
185 -398
-246 -66
846 -683
955 748
784 -18
-42 -763
-364 -965
-996 -650
906 807
-763 674
400 -967
-681 -818
-282 -247
30 259
-116 488
644 445
328 -105
445 208
557 366
-810 -842
969 -854
152 267
405 -447
510 531
399 -942
-248 365
946 -180
-902 -578
528 -38
352 132
701 884
952 395
-759 -49
-134 240
-853 812
110 112
231 209
285 856
-363 -228
-97 -677
746 -324
412 917
31 -624
926 214
-641 320
-179 279
550 -637
726 563
-835 995
30 -571
605 387
968 536
-25 632
146 565
580 882
-944 539
460 800
-27 992
-645 -217
986 430
-978 587
-653 651
272 594
399 -672
640 -415
441 953
343 529
-366 6
416 967
-232 732
413 -722
466 -371
-890 -340
-63 -474
-452 587
-168 -150
385 -645
-409 -31
-365 451
-976 -24
514 622
-654 -495
-291 639
-402 -503
320 604
181 216
-253 -929
-258 204
-928 822
545 479
-327 293
-610 -106
-638 -695
193 -20
-410 -475
-475 930
-815 -165
984 -443
731 -927
712 -121
-495 263
-349 399
873 -919
114 -989
-227 435
-964 81
969 -633
-304 -365
681 704
47 203
-986 -633
182 770
-635 548
586 604
-891 -341
202 -579
102 -997
439 188
-497 -163
675 954
950 -514
384 -910
-393 -512
157 -710
117 154
534 432
-530 991
153 719
61 659
-624 410
234 -825
-596 547
540 -528
-956 -989
-707 -167
-362 333
-865 -202
-691 536
686 42
-956 -772
255 89
526 -521
-307 862
-542 -596
-911 665
569 21
916 -883
-222 -431
-697 -351
217 -176
569 -731
-914 95
-824 780
-227 -282
235 378
-749 467
233 -462
-360 -559
-399 -332
-13 -655
823 889
-380 498
-848 -559
896 -544
-567 602
-810 102
-662 -939
-788 -913
-279 676
-20 -285
-36 305
-720 -579
993 109
984 926
43 -197
-6 -35
-568 744
235 -571
863 560
-300 -679
777 -771
196 844
539 -919
332 -946
-782 568
877 -125
513 348
-988 -846
282 -253
-842 72
46 872
851 -168
-852 979
-901 178
656 -652
-755 928
729 -976
-547 -424
37 -84
378 -358
-322 -879
-602 72
-52 -15
-316 627
-348 -266
5 -961
-933 187
-201 914
259 678
904 877
-938 148
-537 -65
997 61
-74 591
-619 612
397 388
162 -414
-521 454
-481 661
159 -301
-40 -313
360 -239
-4 530
-304 -674
-653 -238
569 184
-956 754
-359 154
-910 749
822 -539
299 675
556 -764
-214 -195
788 687
656 279
-842 883
-632 812
-952 696
644 386
15 -915
563 237
267 533
-752 -73
-310 793
321 -415
-663 -720
-556 -426
-614 -977
-530 951
243 -283
210 -48
-970 -169
592 -355
-360 320
12 -48
-903 852
-150 -306
-92 -874
-255 -113
-611 958
56 653
-588 -333
-845 -760
-712 990
-560 -469
-252 -741
975 760
234 604
-348 -936
-804 -858
-978 891
654 -562
465 -687
395 -307
-467 315
132 401
474 117
479 -240
697 812
-218 767
729 -105
-295 -944
414 735
-904 150
371 31
272 -813
534 573
8 -943
213 358
622 -262
800 -148
428 -221
-704 486
213 -278
-486 -863
-2 892
-581 474
254 119
-325 -624
311 -926
134 -910
660 757
832 827
853 313
959 928
227 783
-845 604
-93 -357
-941 -901
780 -508
-515 534
-310 -205
151 -966
527 -515
-415 392
-55 -620
-628 -373
-851 673
378 199
-501 712
-383 -542
-910 -872
-364 881
817 -807
-402 632
-661 784
-841 -979
978 -691
-880 432
-848 468
-851 -297
-578 966
-173 -139
-232 -716
820 189
626 -86
-89 473
-166 344
-31 459
766 277
-694 94
-958 77
-974 334
345 -88
825 357
-756 -103
304 -562
293 -374
-210 -404
293 214
480 263
27 -32
869 -671
-929 780
553 826
238 -358
-872 88
-220 382
249 -333
897 986
569 -167
-333 -868
664 -312
-281 59
363 -27
-517 -146
-385 -905
-889 -170
-182 971
909 51
-34 677
579 -816
68 -704
-309 978
420 -826
603 801
-539 223
-729 -197
775 507
-768 -390
947 -30
-650 374
407 573
662 347
398 -325
193 -198
722 -832
-995 196
929 488
-348 921
563 975
50 -464
666 476
902 -685
609 -344
981 273
-748 399
889 213
-532 -957
-927 -230
546 -439
16 448
505 172
346 122
-180 270
533 289
883 395
-558 263
-851 874
-358 98
75 110
729 687
540 -91
-409 -912
344 65
-892 498
-239 79
711 -321
-312 516
51 -450
-339 -918
695 683
-988 -777
354 -297
687 -714
-675 -653
-245 805
862 -356
-372 -265
-560 737
258 904
-603 571
-160 766
-398 -42
72 989
-63 -779
919 -794
-760 980
-487 460
-776 -274
-649 -80
-231 292
-86 385
-125 -920
389 199
662 170
-141 -957
-810 -60
140 246
506 272
-368 -407
938 -727
369 753
-480 825
628 315
-393 -147
778 -436
-212 -322
-257 707
-860 -165
252 956
223 675
233 -578
-901 694
-931 -771
984 -873
27 792
351 -258
-160 -329
119 392
777 -541
-320 -752
403 99
190 -722
-633 342
-613 642
945 -1
585 -944
640 -308
-892 -676
-909 -242
-917 -441
597 258
98 62
467 -753
621 877
-434 -225
480 -22
968 -515
-232 -114
-161 64
-32 -365
255 656
197 150
-730 -532
315 -529
476 468
-147 -374
106 -374
210 -935
-562 -895
-905 245
524 357
914 755
-233 524
-437 -680
-110 117
855 348
25 -658
254 -441
-2 572
188 923
295 -177
-426 155
-744 -509
-407 235
996 200
610 -758
363 -493
512 443
155 350
-641 -826
-815 449
-622 -542
-851 -192
943 -87
-377 -962
-690 116
-572 628
-472 1
-78 -842
514 -302
941 -176
971 -118
-28 -760
912 -947
533 684
-321 561
815 223
995 -702
-672 141
-309 -386
-874 -888
-618 136
58 521
234 791
-89 397
-142 -264
-628 110
-22 -547
-827 -964
375 -8
864 333
539 -881
-951 -941
772 -657
68 -239
171 88
-834 -248
472 714
921 -22
-297 676
459 -568
381 524
-801 -730
-327 271
717 578
-972 821
161 190
-54 12
-408 -707
-351 -779
-574 429
543 -215
-665 -876
-237 -268
811 308
-560 -673
483 455
453 -363
-115 -142
90 169
-970 265
-887 240
745 734
905 926
-177 971
-572 455
-981 737
-537 -573
153 357
-939 973
323 -840
-306 193
-172 113
313 -701
-557 509
755 756
-523 -294
-256 611
991 -719
153 315
806 -158
34 -785
767 -635
80 759
315 40
-214 362
110 -482
-549 496
519 270
-186 -869
-802 697
-66 665
-406 -530
-603 682
323 480
-320 -582
276 -122
-498 -673
-110 -670
-219 -701
-295 -279
-279 481
628 -804
-806 227
-237 -755
679 156
526 -520
-609 303
-150 -411
-82 -646
-270 -430
461 -13
-845 5
-759 -991
419 984
-53 346
-369 -335
522 -952
