1000
57 105
-615 421
95 608
-553 973
-393 191
25 -254
-409 -112
-730 636
155 412
-657 -125
854 -316
-182 -615
-379 -821
831 -827
811 -882
-250 -326
-396 -405
-752 138
852 -850
-696 -51
810 -100
540 461
-383 206
417 -737
959 522
928 -307
513 140
574 250
147 -538
756 -494
-69 50
-624 159
944 534
284 -962
-543 183
-422 -735
-301 -816
206 -910
287 -316
-171 608
58 -585
-358 -840
-649 437
-93 73
975 -692
589 582
-814 503
-352 -929
-342 -885
-154 994
-6 899
-882 320
-980 -24
-90 915
942 476
-269 -806
562 -794
-159 -846
667 -123
98 199
257 694
838 -937
-988 -886
594 766
-117 -882
-466 144
-529 709
-861 -844
332 -703
-220 493
105 697
-792 948
-367 -658
-880 -919
-321 -274
546 621
954 -70
-753 895
-731 -518
-142 739
-941 -840
-312 408
-923 -771
472 966
-755 -496
-66 -351
-17 429
-33 440
240 -394
-938 619
-951 206
-233 -20
-173 -332
563 292
-498 -85
-294 -114
432 -60
-608 -779
-318 792
566 -162
-326 537
234 -515
-544 708
-673 -355
155 -884
248 466
-144 -499
642 317
195 -858
266 491
-314 -321
16 -745
-701 -754
469 -699
-163 186
486 515
-912 -827
-214 879
-161 -219
-770 -819
-545 -671
-751 -149
-133 -991
-832 -179
-571 675
-920 -996
970 -493
-711 -961
268 204
988 132
767 664
-83 383
13 -973
434 725
-627 -637
479 -933
-228 -214
-623 770
-478 -664
-31 -923
706 -80
726 -132
-815 -912
-362 -916
-255 -479
256 972
-367 685
910 228
-221 52
269 -804
481 -627
1 -29
544 -885
191 242
-301 -450
524 -429
-744 -631
910 639
350 75
295 380
949 -505
577 855
-978 675
-870 -516
767 778
-631 241
-738 -307
84 -43
511 531
484 565
-553 -821
-567 189
-380 -645
85 650
-101 -670
360 -187
144 -997
743 337
-298 -481
-385 235
168 78
-691 -176
-499 -583
-862 989
969 829
-704 -443
751 464
670 960
136 40
-303 -495
-293 -573
51 676
-344 766
539 -749
-378 561
-487 -39
976 -839
-846 -812
-345 849
438 -70
-730 397
413 -692
520 -645
316 65
450 -828
930 87
575 402
448 -850
-887 -415
495 199
-595 357
848 294
-515 -179
-789 -150
871 -496
-877 790
570 455
356 437
99 263
-925 -915
-489 -408
713 544
-519 -254
-747 577
-53 351
-119 806
863 674
-997 -741
-698 -566
28 -901
-537 -142
-544 -272
575 -939
390 -172
259 310
17 -504
-424 720
-33 -948
-912 -830
36 -818
-355 287
710 -25
-772 489
-769 -712
583 470
400 498
-314 -153
814 -448
554 -892
26 645
701 331
81 174
-546 315
355 64
986 90
-19 354
251 705
-267 -622
-580 -758
157 452
790 -776
-392 -121
-284 -880
939 -282
75 -925
765 574
806 -880
-182 144
510 219
-970 299
444 -865
142 -881
359 -249
-800 463
-717 -417
516 973
690 -912
-821 358
416 -714
692 -168
-487 -474
-401 822
-366 -818
403 827
162 615
-108 -497
-590 643
434 658
-627 661
850 949
842 124
913 -23
-396 285
-619 -940
-677 914
51 644
-953 612
-488 -877
429 984
-130 46
385 -983
-422 -803
-234 414
-350 -455
-250 -251
412 -167
553 434
-179 984
-592 -879
726 398
908 786
863 -946
160 70
983 -515
607 202
382 21
-293 -722
973 -76
68 -38
-812 -992
-752 -78
-139 130
-199 797
80 909
-717 245
965 296
-684 -109
589 -634
-361 -277
730 -568
-732 224
-545 -880
-39 -664
-555 499
-694 506
-676 424
-315 173
-339 133
651 -44
897 -427
466 -365
591 -39
-372 -816
-192 528
828 229
715 521
-56 -850
735 -392
285 715
114 -486
-602 -21
444 -441
681 -425
-477 -346
-905 -133
-657 -59
-4 -392
-155 618
603 829
-280 134
-875 584
-859 325
844 791
726 -99
372 -227
88 -922
-308 -473
304 -914
-842 42
-606 283
561 945
-388 -872
218 567
-545 768
427 -553
-863 430
-267 -883
207 -304
604 165
-197 -939
-782 458
466 584
-534 4
-473 326
100 574
-283 631
150 64
-489 -605
30 500
890 432
967 -373
-759 -943
-843 -256
349 -243
44 -495
-541 -447
-873 50
591 186
-825 226
602 -4
290 753
-577 332
394 -436
218 655
-861 985
616 159
-229 -337
582 564
-789 720
-753 -848
414 256
303 -266
-548 167
548 570
-793 221
-113 711
-937 -252
-54 542
-240 744
-228 -787
-447 928
-913 -732
-186 566
-178 384
260 881
824 -196
-362 318
-690 867
611 14
411 -556
881 974
-644 -12
-679 -180
948 447
-611 -640
-667 -966
85 -422
255 -896
6 299
246 -891
-25 151
495 -847
-421 -441
575 -148
-938 129
5 38
189 935
852 -263
-495 -943
-659 -751
-648 -116
-568 -283
103 266
553 -966
429 793
-996 -273
83 -209
915 -831
20 304
58 752
-419 -612
135 -647
-940 264
-669 772
871 -609
-719 678
-598 -752
711 24
282 -586
-330 948
-899 -61
-637 -628
613 149
-264 -161
-71 588
88 18
-509 754
860 921
100 -919
-629 551
727 582
911 -515
-277 844
430 -398
-153 -727
-973 -242
219 588
-541 -923
399 153
599 -70
454 -90
-643 751
676 19
-781 289
342 468
164 -816
683 984
616 -55
-826 -729
-532 507
-666 -816
-459 654
155 -949
792 780
335 -175
-114 226
-331 727
430 954
-435 72
6 282
251 -283
-730 -575
661 -471
280 359
-454 348
73 -814
-173 572
-877 -653
-283 604
231 -444
363 517
723 39
-668 -541
986 525
-99 -372
-3 749
226 -419
617 934
128 742
524 295
563 -903
-644 239
-281 -799
-579 -929
386 -275
-987 -114
-269 -833
478 -297
-622 -262
319 764
727 -754
-534 -941
-165 -975
749 -240
113 -21
458 -648
-880 -995
299 -336
707 921
582 84
-422 864
-11 400
994 -945
-739 -926
673 903
-904 864
-360 815
-572 358
587 -24
-171 858
199 936
443 650
52 769
246 105
-959 -339
-763 -336
139 924
133 872
762 40
425 534
-240 -994
848 923
298 -940
-361 814
164 -433
-866 -924
-983 -110
575 328
369 295
415 857
-473 -306
-484 -380
-160 774
-221 729
696 -930
-937 -513
869 -188
970 182
156 -201
-155 367
430 146
-187 -583
762 209
-54 -447
-742 -48
385 612
-975 127
-962 527
-616 -514
634 -960
515 -820
-486 -388
147 -956
-21 -719
729 -574
291 483
927 -731
-622 23
-573 591
135 17
840 71
-393 -41
-297 900
918 239
-845 -894
769 -219
-7 -512
855 -392
-816 137
758 -236
581 -72
208 400
879 461
-292 -56
314 828
-779 -571
414 691
-854 -860
779 39
257 -621
-284 -871
-627 -930
-796 200
-346 -800
742 -762
56 -433
-914 -374
-180 380
-311 197
553 122
-725 41
-981 -471
-794 -187
-65 40
-475 662
901 -904
60 -234
2 -573
-217 -392
731 -113
13 -549
-259 778
925 176
847 955
937 919
-473 -348
-528 941
340 -425
379 653
778 197
-726 466
-309 813
-143 440
832 268
-834 -662
136 -560
624 -653
546 882
-178 820
247 -813
636 -970
361 773
616 -929
-17 -902
-232 -623
-663 -955
-840 -515
-794 -277
712 -970
901 -342
-657 855
-582 654
123 455
-678 -741
-930 387
-26 409
-271 -861
-343 626
479 815
994 159
891 -872
-851 -582
870 -655
-232 -703
152 633
-884 810
-888 958
-382 595
-3 -490
-211 199
257 543
-781 -529
-664 825
-621 248
-618 138
-344 -917
-304 -255
369 -706
898 1000
446 -726
891 800
-993 -662
-428 -721
517 -392
-844 -31
781 376
-221 -964
670 -741
259 -131
-387 -675
-546 -907
501 -20
811 537
13 -944
792 -256
295 -78
-933 297
212 -748
131 -957
640 807
-558 -513
-249 -630
-166 -796
-745 670
725 517
-193 -307
-372 -680
795 -281
-710 -732
968 -518
154 957
-888 531
757 -150
991 713
497 -943
-750 -170
378 -57
-980 661
-569 -782
-855 -869
-350 -774
-968 -164
-608 45
553 -793
-878 169
-762 -502
-859 354
943 662
453 648
721 -226
-317 -539
-892 -159
-835 -584
-475 623
-620 839
1 -909
370 -86
972 134
38 579
528 -637
472 179
-55 -823
-31 985
-182 -603
91 -414
-103 645
-487 -512
466 -980
932 -49
-181 31
-958 658
-269 -726
155 -42
678 -132
912 -183
469 -863
689 445
-176 998
-101 239
17 603
-473 275
-620 179
860 950
-436 -415
242 305
-925 557
-911 -645
231 175
456 449
-431 218
-86 744
-138 250
294 331
232 -172
-993 340
-945 -593
-197 783
397 -122
650 748
890 261
835 692
82 525
-508 -50
140 -687
-350 -315
937 -992
-996 -75
-59 195
494 -594
-359 -813
-834 844
694 218
636 -359
793 -605
-880 -131
169 -195
-369 292
-506 151
-469 -458
839 -269
550 -71
432 218
-810 -481
-823 738
-75 -797
142 250
310 397
187 -285
-324 -658
782 -471
-444 136
-630 -752
-271 -260
-912 -196
-960 68
-49 -253
-863 -847
-676 967
-960 -236
-962 172
151 -31
-311 578
923 -269
-724 851
-252 87
943 -772
51 959
-794 644
-841 -862
-501 502
-842 -195
-906 -801
-412 -212
255 31
-577 489
730 -939
-335 -597
-642 -110
44 -838
203 -899
-886 791
972 840
5 -172
-118 315
-369 294
-512 660
824 -391
-625 952
496 482
-523 -172
14 355
-48 -508
644 176
590 549
20 -907
943 -534
-790 77
-816 608
619 -671
-409 362
281 980
-570 589
-965 178
645 -360
388 -664
-883 -69
291 861
-352 -421
190 -839
693 317
-252 -487
-782 720
654 -219
763 175
-352 -125
24 -90
182 676
65 753
848 -456
246 -576
-778 417
160 805
542 340
253 -547
836 447
590 358
937 496
-758 -590
242 950
753 585
407 -279
-392 -897
329 -422
4 261
366 -675
-488 -260
636 503
468 -186
103 714
190 -227
294 79
578 979
-411 -798
222 855
-301 -160
-679 279
-241 -299
268 364
150 837
221 -376
-249 -777
-731 792
-806 -670
511 478
369 -13
131 975
-292 72
-936 -613
-726 -621
106 -351
-813 -830
504 -406
880 495
-581 -117
756 319
810 497
968 528
590 62
396 -152
883 -544
39 504
734 257
653 641
-926 691
609 -141
82 661
-463 118
445 -484
-761 -641
-284 127
-71 -403
484 186
-461 115
-969 -948
-584 -284
542 812
865 692
904 -648
126 719
-493 144
264 811
334 278
769 -673
168 -65
-878 -861
812 -663
639 963
67 -856
539 947
-99 542
109 -446
64 3
-597 566
-465 -990
-437 447
-631 901
-531 -13
-966 919
-427 -355
804 -120
