1000
475 -318
186 -400
51 -165
-454 172
-713 -223
-283 556
-968 -170
524 278
-909 -463
-696 -472
-622 -419
-368 -130
513 571
165 6
-32 -812
-331 810
-775 -435
-384 138
531 -618
-647 -605
-58 -197
-969 -881
-479 730
526 -708
-618 -228
-976 -337
-578 393
804 -208
951 613
-670 -433
803 -483
716 694
146 -330
-73 -865
322 -54
-968 -242
423 378
-393 -325
705 530
352 509
34 -505
42 -896
-299 -967
119 -617
337 -566
532 894
987 -115
-866 -777
824 429
761 354
-180 771
528 -392
-639 -703
-8 521
-877 -190
-306 788
911 310
-7 877
-174 -392
-298 698
453 -873
686 419
-355 -144
-569 -418
-855 360
3 832
-901 -937
-97 -299
-57 698
-529 483
-761 -883
113 -364
431 -100
-491 -222
-910 -819
555 -568
-864 -883
201 -144
832 -549
222 -401
-693 -434
27 -871
-80 -2
88 -817
405 796
-425 658
-804 -49
-963 -792
814 37
-288 -368
-285 26
285 -311
29 -335
980 441
-468 -845
-506 -244
561 -261
954 830
214 453
377 -646
-707 647
578 416
821 -975
262 308
-913 831
716 -217
100 379
-624 714
-421 -630
913 427
910 662
850 -823
705 -595
639 -709
-401 519
685 -593
207 142
742 405
866 519
446 639
84 472
-125 853
-426 937
-825 401
-716 917
-613 -151
-692 378
-240 644
352 -328
-563 144
-131 -502
-709 192
-702 -492
575 -712
264 -435
-880 -452
-62 -506
789 982
-851 -393
145 795
-546 -177
-720 -992
-248 920
64 -173
-86 993
193 42
500 -95
349 198
776 -940
575 -238
381 -990
-69 788
91 -240
-201 585
765 759
-133 -163
-554 -804
213 739
-306 863
714 801
-890 897
-7 -586
-105 713
868 817
-599 -54
732 537
9 667
391 -746
-213 723
-765 -647
539 -30
544 371
-573 979
-205 -115
768 250
-219 787
-541 5
-85 961
-611 -646
482 89
-4 148
531 -397
-379 -952
-118 -756
-923 -581
427 501
-228 32
488 -367
616 -53
-118 77
285 -174
-791 -844
43 -977
-720 -843
-754 -21
-59 -547
429 -761
695 -778
-631 889
649 -300
-184 -276
-63 -489
942 -301
-616 -990
-212 468
-931 211
-263 554
-200 426
993 994
-597 0
-91 -808
-885 245
627 -374
-306 -71
-413 -124
-940 -283
411 -405
577 395
-43 680
-717 42
-475 236
-552 -792
-200 -145
979 764
-258 293
-913 12
251 -689
734 704
-178 -698
487 783
-465 -337
846 -467
79 578
397 -566
657 648
-148 162
-545 41
-405 765
322 861
-714 -516
-965 -366
633 -765
76 616
-348 -542
-198 -406
-974 -387
-596 -135
-896 291
-162 -196
442 690
557 489
-626 -549
-478 1
587 -901
-916 -584
880 -698
920 -934
-424 993
616 -655
835 794
906 -585
-247 -472
-933 303
55 275
-739 -758
-254 -264
104 297
-746 -608
-34 577
738 -544
801 -927
-714 -421
-759 974
452 -627
284 701
619 -612
282 770
105 -94
-675 -491
281 675
-775 193
88 682
179 -122
-740 -384
589 310
-896 598
362 -154
145 -174
-91 -670
-218 242
170 -159
959 -426
-623 242
-988 399
-842 735
731 -675
-584 -954
-511 -852
-914 502
-471 -603
-511 -671
236 -938
836 -786
469 204
134 -559
-415 487
-203 -859
922 827
-801 5
645 432
-23 683
-528 457
-933 278
-39 -709
62 -358
63 -83
825 -149
673 -835
-276 -388
882 16
928 950
-883 22
368 937
-552 22
558 -184
663 -296
-130 -480
-55 -545
974 -802
259 781
774 -509
-15 497
-439 -822
703 741
705 689
-874 222
611 -415
131 532
-240 -233
-159 -566
817 -481
224 -312
109 -122
948 99
-768 -545
628 -185
317 -54
-468 863
963 445
349 900
-109 52
-431 924
-442 -89
119 475
-212 392
-229 -13
644 546
-25 882
893 844
650 816
242 -720
57 867
-534 371
558 636
350 626
630 773
69 -978
684 -873
701 -419
816 335
190 -226
777 -751
765 -841
556 53
-902 716
-410 182
713 744
-972 -74
-72 335
786 87
-899 -723
557 -482
-790 881
316 232
769 79
697 615
-114 344
-484 -305
957 -33
594 -255
-463 -241
-579 176
404 -252
-483 -987
-913 -630
557 885
896 -202
631 314
712 -634
680 537
551 -22
485 -152
-23 736
259 190
555 -599
-781 23
448 -56
916 670
-371 35
737 920
509 973
327 595
-280 919
849 -387
-349 186
354 240
141 -561
140 585
491 -198
-600 -251
-806 -263
544 228
-252 -796
-790 937
-488 -567
144 208
-66 -904
-832 436
616 -547
-52 -608
-714 -1
-214 440
-564 -795
-885 -100
-111 601
-57 789
568 -664
426 -25
784 -818
-688 897
225 -147
-60 -284
291 654
523 -731
-827 557
-96 153
809 -316
541 -619
-860 355
-891 -106
-692 904
-235 -876
-824 145
717 -354
-668 -517
593 620
749 793
-934 808
-69 -474
450 -390
-955 968
443 668
-170 -427
-201 707
-992 308
306 -308
319 943
-393 965
-932 -558
8 -345
855 -325
-458 73
-133 -664
-42 365
890 -202
-125 620
-813 8
525 -17
651 713
608 708
854 -935
639 -562
667 162
78 171
602 847
384 -66
235 -469
-232 -127
-330 656
-209 295
-624 16
-411 605
-894 843
607 919
998 112
-115 -174
-208 965
-721 -446
532 463
154 3
-812 -437
-576 -560
41 -958
-5 -466
-449 258
-766 -967
-714 193
-497 24
116 -35
-114 -681
277 -262
-589 399
744 -819
-356 -520
-479 962
680 -634
792 -622
-56 906
-232 -844
-687 970
-541 233
949 532
-558 47
645 -514
336 709
-947 -700
-678 -979
338 915
686 476
388 -815
-327 -18
114 -433
937 -80
509 581
-158 33
683 -259
647 510
-914 -230
346 -240
407 744
438 743
292 -495
905 849
185 -241
-853 192
409 160
-299 312
-464 -190
693 149
-582 -755
-382 -208
-573 558
921 353
543 250
-71 722
803 -299
900 -180
-975 96
-285 -925
-669 717
965 265
102 -332
256 -550
-361 -51
-555 613
-31 -51
134 266
743 280
-607 -139
457 247
-198 -961
-41 911
-995 -219
920 260
881 -992
283 970
-473 460
-904 494
-588 -899
-261 481
-372 -56
951 767
603 -755
-563 912
484 -528
-794 559
-742 -977
-629 -430
-912 -447
384 959
454 176
407 847
-471 384
21 701
176 439
11 59
980 -137
390 -454
-80 986
941 -642
-86 958
-587 -992
-985 451
-345 279
-955 -603
-680 176
173 -942
940 -919
971 -528
-508 -129
483 341
-748 -773
-208 674
561 907
409 949
295 -73
458 424
443 -307
-272 55
-961 284
-931 -87
-380 922
-801 601
234 48
-347 -995
872 613
-53 -350
629 -65
-833 267
478 -505
326 564
-337 -685
450 818
-351 -272
-25 -716
870 -266
-588 -968
-578 -277
378 -790
-990 -225
189 842
-991 -693
-883 918
-829 277
-742 870
-103 -521
-900 -538
-927 -123
-727 414
-617 9
13 -705
363 -333
380 -974
100 -363
984 253
-893 686
990 683
-499 608
715 657
-474 743
-480 797
67 547
-399 246
923 -892
-382 -667
-767 -299
537 -793
-902 -969
-667 -999
26 743
216 -945
229 104
-978 809
683 191
-855 -159
210 -523
222 -53
981 418
-883 969
-525 -590
984 275
-468 994
-339 -649
528 -337
437 148
-438 141
-37 657
447 753
-691 -911
-866 -490
495 656
104 521
-75 802
-632 -424
-376 402
-141 -425
-83 -475
357 -152
-61 -986
-285 -946
413 -4
-189 -297
33 807
201 -251
-570 982
676 290
-477 498
-41 560
5 434
706 -465
-227 -226
-676 49
-976 -291
-478 504
-654 951
345 593
-217 157
620 83
672 -284
-204 616
265 778
-631 -724
177 -27
-358 -318
388 501
712 -919
647 278
-766 -826
-38 -462
-913 218
293 374
-282 312
-873 -920
828 -50
-952 -696
658 515
3 852
22 242
578 -602
-114 -627
307 996
-905 -980
-494 815
-428 -56
-53 -947
-645 26
616 -548
250 -354
-420 804
516 -252
-733 958
-176 264
-118 -80
933 732
531 557
295 265
796 -756
-942 -563
-706 246
-562 -7
-3 139
-882 -270
-666 -176
979 183
331 948
506 450
359 -985
-294 578
-51 -469
-362 -187
16 682
-917 -607
946 913
-205 -816
381 -104
796 -887
437 11
914 -837
144 -417
-948 649
372 470
-888 -958
-468 281
329 818
-443 570
-79 -921
699 -772
590 684
-847 501
741 -857
-931 -452
483 492
143 -527
519 -319
-827 536
-256 -73
-750 664
895 -206
431 -226
-670 -257
-141 255
-945 395
-332 -644
766 -781
371 98
75 215
837 -299
-55 -291
-702 166
-796 -342
728 -802
-812 792
72 907
-348 -5
-375 -34
476 267
-683 149
309 -103
445 -560
680 -274
-651 -878
-34 -176
-153 559
754 2
640 562
231 -257
-455 -200
-612 925
-510 166
-77 455
-887 797
-363 -308
-306 -360
-811 249
234 -440
23 -169
403 583
-419 422
187 -460
845 -747
962 -28
-146 -888
-208 530
715 -853
471 994
-4 -241
-673 -86
-691 227
62 -40
447 387
416 -737
597 -944
893 -174
571 729
-121 -728
520 490
859 -705
323 462
-687 -715
-594 435
-473 26
-106 -978
875 -576
355 -524
-708 -328
-927 269
-201 -196
-426 -923
-511 -471
-416 -758
-378 846
446 -358
984 263
-128 -988
885 680
820 -341
235 -16
636 -629
797 900
-498 192
-933 -321
807 879
375 148
-257 -536
-585 711
-740 -517
-958 559
665 -713
-208 694
-264 -493
211 -967
-76 591
967 -570
-768 -784
811 120
-906 -725
-634 -536
873 718
-936 -28
-241 -816
-549 473
-269 491
-297 674
-675 -100
-205 -507
386 -783
-72 631
-439 -603
405 757
937 483
568 -423
-655 -974
481 353
-260 -929
-536 918
647 610
-823 752
-130 -665
340 -837
-48 856
810 152
540 930
-401 -537
-314 -853
284 -555
994 -372
892 -528
337 395
-999 -246
-378 -262
-141 80
-705 3
-765 -930
43 -398
-378 -791
-318 676
-296 -753
903 460
471 -514
-626 806
395 -186
638 -623
46 -528
262 976
329 410
469 545
455 770
212 -716
-685 -209
609 -840
896 -43
-478 -720
906 -62
-325 898
717 -886
818 237
332 -486
851 729
-537 698
-564 -987
-337 905
732 -408
-860 760
523 -739
914 860
-585 -359
690 -989
844 -509
-860 -773
551 -649
-62 726
-178 456
-753 36
-897 458
-987 -265
-207 903
-489 401
594 3
235 -470
-281 -851
-165 -445
558 207
962 -314
137 -228
697 -552
-788 706
921 407
-435 -881
-910 702
-140 -890
994 383
379 935
-314 403
-10 422
736 -226
910 58
-566 248
620 42
-653 761
258 243
