1000
666 -590
-503 981
817 -753
-390 524
230 -936
482 490
956 140
-901 547
-13 661
289 185
557 -587
102 -839
563 123
498 -980
-327 -302
-636 -581
874 -278
242 -736
739 194
-449 -376
434 903
-530 -298
-257 402
226 -933
131 -543
-811 421
865 -768
-663 865
-528 -461
419 691
71 -314
-343 890
-952 769
359 -59
-554 138
-61 -962
-284 191
-954 -170
-14 -300
41 96
-751 -686
460 908
353 956
530 708
458 -494
93 -878
855 -996
741 -334
-719 -27
275 -331
-851 -871
-432 -175
339 -661
419 -307
-592 -204
712 -423
-790 569
518 -685
-302 -265
-99 447
434 -274
-148 520
94 -613
588 -237
214 589
-591 133
-257 430
-902 -805
861 846
33 -112
-84 656
273 347
182 397
-469 588
11 687
-200 488
612 992
511 366
-217 -217
-960 -655
-702 960
921 35
50 -995
-442 252
153 791
580 -222
598 209
-379 894
-859 -442
157 -58
-174 886
-818 -612
-235 676
-869 914
-902 606
307 970
283 763
-786 -396
-932 -210
-412 -498
139 95
242 -745
-785 346
-972 353
370 -603
45 117
-640 -881
630 -896
-781 -261
269 942
147 -277
-786 -401
-272 763
435 343
986 926
453 96
797 -240
-805 -14
-532 -84
-375 -242
-49 -151
836 -872
-736 -616
86 -16
103 -518
-781 748
-786 -285
704 592
747 -941
217 -725
-92 -987
530 -661
-845 -122
354 404
-270 -268
414 292
26 -570
161 512
110 -361
-640 31
-399 -714
517 -90
763 377
-162 -546
-245 -661
-805 -798
-119 -882
-186 -819
-195 -124
127 223
-695 -682
265 538
539 -508
-103 828
-346 -446
-363 -857
-546 620
-306 23
439 711
-208 341
-275 125
-264 443
374 265
921 718
387 14
-833 676
-71 408
-337 -529
-511 -272
165 410
-664 8
-541 621
-46 -711
-226 -42
-683 -569
-137 -443
934 772
708 597
-214 690
78 -52
-652 140
-134 19
-485 694
962 473
-571 664
820 -134
516 -157
742 -344
954 -65
269 860
-600 -787
711 -196
-540 226
-536 780
200 -911
136 267
-562 -311
-139 287
908 -168
882 68
-532 910
219 -422
493 -390
516 348
-898 -716
-314 897
-877 -57
-886 -568
-305 266
-395 -865
-128 -131
54 970
-285 933
530 533
-120 694
10 -569
-479 664
452 -553
-12 575
-570 -63
-640 400
523 509
350 -783
-529 -61
73 758
-529 -419
-503 -349
918 -3
786 -527
739 -668
-113 351
-698 -865
555 209
-642 -595
160 959
-753 -185
490 432
-477 -587
-627 -655
-706 -275
844 -97
-608 -446
-810 512
177 690
-432 758
354 541
559 -657
78 -97
842 -333
767 -101
-410 -302
353 22
560 -637
-582 98
-85 345
463 334
557 -12
-55 -984
753 745
145 538
33 58
-274 781
-38 174
280 355
-42 241
498 908
-706 -561
745 -754
190 14
435 72
-623 197
227 711
315 -360
447 959
912 850
-245 177
-547 -260
-546 -48
84 799
-539 509
-461 223
615 -326
964 -461
-459 327
-690 294
37 622
845 591
-802 -53
779 -687
-292 -114
-675 38
562 -854
409 -995
875 725
353 -609
-953 -471
268 242
-78 -526
223 -437
975 -754
-850 694
189 808
-423 -70
113 -965
912 808
-222 835
-666 -16
-523 -623
-718 -864
-429 -455
614 -918
829 986
888 759
-32 350
126 543
398 -360
747 -709
-163 -791
-233 327
-684 366
483 -248
950 -891
-297 -427
-460 -795
15 -242
-386 -618
-597 -282
464 -410
-555 -676
-207 872
653 -34
278 790
-811 -248
-819 183
36 354
278 224
-183 -637
-238 -960
382 148
651 -639
848 -176
70 -21
-821 850
-774 -47
540 324
427 -871
717 -215
201 874
-372 577
654 357
-315 47
-420 548
-962 445
-759 -769
-4 266
578 725
79 -618
-6 849
-914 -758
258 -412
-673 978
-854 -261
-339 -841
121 224
-492 -899
685 886
443 -350
924 -327
-164 -612
658 -440
354 445
-290 73
63 -942
689 530
690 -375
-180 -99
267 593
-785 -410
-494 -785
-894 319
-913 -502
-57 -309
-277 122
376 82
-560 667
23 676
691 911
-202 333
957 569
695 -663
994 -320
40 454
-124 813
145 -158
-546 -719
847 -721
-825 -473
345 -24
-388 878
625 907
-602 840
-406 -998
-828 -145
-533 -920
-529 965
795 -143
-322 560
-842 700
473 117
684 183
135 -344
392 887
-114 278
-459 -290
-619 -701
-780 677
305 806
866 -12
396 -825
-549 -710
374 -367
515 -303
600 -880
-462 742
-319 -931
-175 571
612 -660
419 557
640 685
-570 893
481 972
-418 571
813 -953
827 102
-864 733
-894 -168
986 47
125 -509
800 683
408 -414
-320 -179
-697 -763
621 -946
212 -634
-93 263
154 789
39 -304
998 -832
-623 -616
-793 839
-901 351
-595 -273
-67 17
-616 895
746 -722
861 632
703 110
349 940
-165 224
-822 -469
-280 112
341 -554
616 987
-879 942
510 -30
735 718
169 811
-63 647
398 687
46 -164
588 -856
-138 930
-460 -994
-574 -44
-646 -262
-907 -580
-90 -326
-384 178
-803 61
-26 -734
-725 -954
621 526
-589 856
661 153
865 35
856 770
156 -510
-9 677
781 -80
752 340
-792 945
-654 803
867 -279
346 325
954 357
-556 665
-706 -313
326 831
570 -311
-103 717
374 -116
296 423
-47 224
-305 -529
-175 -153
275 -834
355 902
-809 591
279 -140
136 -1
-20 765
-213 -945
241 -692
-704 -30
-935 -771
-913 -52
-732 -870
103 546
-330 -528
-965 -943
-126 365
445 -215
-566 885
-242 599
-102 40
340 589
-441 -359
-875 -737
-901 -593
-22 -948
-491 -898
292 362
-48 -733
994 -841
-75 -930
697 -422
186 894
200 70
-738 -378
-214 539
-726 -958
798 -996
143 -949
-802 -251
-853 318
-698 466
-323 -605
436 370
-875 -383
681 62
-485 65
477 -423
-178 -569
-32 -583
340 559
-116 -480
-735 -266
346 -822
872 272
366 -616
-21 -39
-52 869
38 155
310 -970
-201 -659
373 825
-587 -38
-961 -759
-101 -178
-327 997
847 347
-972 -698
-720 569
-942 68
809 -210
-651 -569
-516 342
332 439
981 -108
577 -448
38 938
-733 -211
-220 232
420 413
88 984
-772 251
-365 103
-688 -958
35 836
9 -347
203 57
491 -697
-885 -196
-634 -117
-673 325
761 -959
-293 -265
551 574
201 802
266 829
615 431
294 398
-5 -601
-551 -704
-947 660
-495 -312
231 481
-500 -941
-627 776
-298 -319
335 387
-242 2
-267 -594
-88 319
-812 61
-654 873
-992 -992
-484 926
895 527
264 517
-592 505
600 201
-504 -819
-298 -334
65 520
-263 -917
-820 -533
79 -413
-910 953
20 691
-307 -886
295 -919
105 397
38 -902
230 730
-800 -692
-270 -584
92 241
285 -10
789 975
-946 -112
-893 617
-525 923
-647 -901
-186 964
-706 -629
86 -732
866 -866
46 -134
243 -795
576 -33
-425 171
-795 776
516 -117
562 701
-177 -4
9 -187
-307 -422
-737 -186
325 -261
240 -882
-608 826
424 51
-326 -385
21 271
-745 -194
440 -91
315 -998
820 306
-597 224
-778 317
732 133
-101 321
615 -209
16 -833
-391 105
-490 177
216 288
441 -57
709 250
-464 -201
-307 483
-242 186
-534 -898
371 -441
277 -615
590 -450
558 -309
-247 -734
-763 101
-619 468
684 -558
-181 -511
-343 15
-698 641
-430 421
391 978
-334 595
-606 889
192 -832
-543 -73
149 -737
921 -922
213 123
-349 -905
417 875
190 -837
397 -851
-328 988
604 -714
-151 -200
981 654
-306 417
29 -228
-106 -681
775 -208
981 889
-473 -727
396 788
-272 276
-272 -665
-1000 -241
703 411
-786 -233
372 191
-320 662
608 787
278 -631
610 -934
374 -581
733 -760
-638 218
400 756
-337 -641
-370 272
-501 -850
177 856
-669 -83
-390 -671
-533 -11
779 -290
10 -787
-969 176
-334 645
105 -792
-963 -787
-436 377
-280 588
-771 -76
-957 232
166 -157
288 396
242 -397
490 789
279 747
-897 -94
-940 -18
452 -454
2 -739
-784 -301
-47 712
601 -143
474 -335
730 191
784 -117
-849 634
-773 270
228 -445
-778 619
301 336
-740 205
-61 -493
-815 -215
-388 -966
-417 -462
120 -847
-267 -215
882 -929
-274 248
-859 466
-314 -549
966 74
-535 30
812 326
-276 -225
834 -454
-718 955
-341 931
-821 -516
87 -675
-734 -31
682 -975
825 719
-806 358
-990 234
824 749
-634 -213
-50 -913
-36 -436
409 -953
155 -218
-605 -320
-748 210
-438 213
-633 281
-287 -657
-528 -776
-425 735
165 -862
-154 -513
705 692
-743 -724
803 630
-684 734
-16 -723
252 713
981 -567
-462 269
-741 -358
818 786
-862 706
824 781
-193 -813
591 -405
995 -243
882 503
-891 398
-205 -568
-717 -440
-483 346
-283 -721
-65 -289
-782 -139
-445 -631
823 -614
960 -516
931 -865
241 -142
-202 950
139 320
864 127
93 725
-544 344
-343 749
-852 -508
-257 777
-967 895
-321 -920
-807 -967
484 64
-363 -464
640 -210
233 524
-473 316
-593 817
742 270
116 -120
511 243
911 -270
927 -96
43 927
184 908
737 -94
67 -745
-218 -998
99 202
581 -599
379 583
-401 -585
-756 -830
-974 -447
292 960
915 240
658 924
562 -284
307 -770
-330 -801
267 -361
-194 -436
799 75
-833 -593
-825 -336
-39 -5
-440 640
-873 691
-812 964
-274 385
-949 -206
-536 -738
-697 407
-68 677
370 955
782 483
161 397
-348 570
694 -731
838 723
221 347
-235 -454
-310 -360
978 -685
652 504
256 -752
-356 -416
-969 591
455 -148
-526 947
-200 -799
939 537
-217 -369
364 -155
185 -29
836 -237
743 178
156 996
388 -345
112 -414
-830 378
-956 -207
-186 -217
-63 -797
-388 196
570 -934
654 245
257 -798
33 63
-788 514
-923 -539
508 -831
-263 -147
-267 993
644 411
-955 -355
768 946
-546 877
-828 -3
-948 -834
-231 -604
24 -958
601 -992
653 663
-440 190
-355 -831
791 -585
-997 180
-558 -158
520 -105
-441 779
-150 964
-786 841
-977 -681
451 -271
60 631
661 -812
-666 -657
-68 -187
853 433
-245 -468
43 -641
-892 -84
282 610
-909 -361
222 -473
-889 -220
-95 -151
-481 -282
218 902
-761 -119
-310 -169
763 74
-834 895
553 381
134 -388
-2 -119
466 -655
-314 684
102 -135
405 -236
225 173
-116 332
887 -300
-566 -493
692 -637
504 -751
732 93
46 587
-628 -166
236 -423
829 -357
-87 52
398 -148
47 -906
281 936
851 -996
93 -928
-662 -497
784 -255
956 662
-733 -840
823 286
