1000
910 -230
-412 -878
-875 205
-663 791
-374 -76
74 6
-869 147
609 799
-696 499
90 770
823 896
-181 -254
-128 640
-822 853
415 -29
-566 -334
-824 950
844 780
-52 -618
-951 -74
-587 197
446 -260
-670 994
518 338
-715 613
-442 -759
852 -741
-707 -630
-633 20
-199 -132
-342 -983
5 707
194 579
-857 -865
-541 154
-770 -368
572 357
915 -820
679 355
-246 535
-145 5
-197 -449
-640 -59
543 737
-314 -735
302 843
258 57
930 -577
466 -915
-113 415
661 957
-230 413
-224 570
-337 714
-308 621
-914 -224
46 272
-277 -558
566 977
-106 -951
-341 -664
-268 555
63 -788
781 28
-202 485
722 -629
985 -821
685 173
-499 589
-636 6
566 -611
-852 -651
-810 -907
-290 -76
-885 -136
795 160
-338 781
637 -695
864 315
257 -122
55 877
-718 -972
794 676
-400 -537
-217 -243
-814 997
425 226
943 182
-570 492
-604 37
-416 -938
-947 -680
-368 983
556 -834
625 -845
664 481
-345 697
204 939
-123 -742
-737 -516
206 -501
788 -105
-675 -849
588 -391
211 -182
658 341
-272 991
-400 -820
-691 159
-481 -13
-13 741
182 742
818 -284
-148 173
458 705
786 835
-88 828
69 -66
-501 651
569 -642
-723 12
864 418
235 528
-16 -464
234 -635
-954 -863
280 -970
-146 -536
-181 45
-905 826
936 -252
-101 760
-153 -410
-324 875
-388 416
-762 -694
-562 -400
-628 -373
720 517
617 -916
260 -756
905 513
753 203
-157 850
243 -126
537 15
-611 -915
-50 657
-235 471
-511 -756
-740 858
-683 -518
299 -807
-963 351
225 260
530 420
-463 -728
98 282
-156 644
929 -252
224 986
527 637
80 -624
153 -179
-280 -260
-108 100
-536 589
147 309
-226 -259
703 490
227 -481
372 287
774 -239
627 885
-587 699
4 -89
452 -6
655 -147
-302 237
90 191
-179 -999
1000 -481
927 938
-72 359
-417 -475
205 473
-120 -732
657 -675
986 613
-268 -714
-243 -571
-666 -516
923 350
754 608
362 750
460 -139
988 452
-75 -898
784 -308
-19 -894
-755 -833
622 -998
521 -308
-982 -425
-13 -942
897 -25
596 -650
302 764
-313 -907
649 -641
-129 202
-922 -431
435 615
-226 -273
-405 604
-1000 -331
-159 122
-723 552
910 939
-545 478
-98 669
-405 -37
-668 -806
-850 -557
-152 -654
906 -153
954 -653
880 -49
-561 605
-858 -210
856 380
-212 818
750 -822
731 -130
-258 865
-163 -635
658 604
796 -215
-951 651
-502 -886
-683 -182
-914 -172
20 -103
-87 546
581 872
119 714
486 -806
-231 -784
160 969
541 -23
390 536
-356 -273
736 -647
207 999
-240 -629
577 273
-194 806
489 -912
905 274
-651 36
494 -548
33 942
-162 930
734 -569
813 -50
-499 -830
657 -520
230 -305
-80 -253
-218 -314
152 972
735 554
-913 -62
-340 934
-122 -637
-783 -746
-636 -784
458 695
-57 -73
-908 429
3 427
-595 -236
-723 693
813 51
-695 699
715 204
-399 -729
-562 998
-21 432
-618 943
-613 -738
425 435
440 -879
460 -288
-487 492
-633 68
333 783
34 103
-341 619
-525 977
534 -540
-310 -819
-595 -442
23 39
864 594
-313 468
807 -978
-11 954
-736 -36
-154 -987
689 -611
700 612
-293 738
-839 -699
-102 -830
-325 -700
-691 618
-361 -982
47 -424
-563 763
-829 560
-907 -610
-53 -87
44 -909
692 -382
-336 -367
-712 -655
103 718
586 -149
803 1000
766 723
481 -751
384 341
731 393
685 782
-251 405
391 308
365 -394
796 163
-654 -977
382 -197
-42 638
-435 46
201 -808
-515 264
-283 357
-40 859
78 451
567 390
627 -249
411 93
-354 -655
565 -354
-498 292
12 -39
-982 326
-957 319
262 613
448 640
-512 996
-778 -297
-595 -939
-383 870
-980 -322
-523 -640
-767 -679
994 638
-570 114
-961 222
-494 143
-301 -795
-206 725
695 554
599 415
-705 -765
76 -523
925 990
-388 -432
-707 765
-767 604
280 681
-303 -657
-869 254
520 -110
-284 -230
612 -868
-872 -244
278 -414
-593 -772
-10 678
398 654
693 -356
-481 770
569 364
231 258
752 -451
949 -885
657 89
706 -5
702 -750
-950 858
805 500
-491 688
-303 -564
-943 154
-557 -192
224 -577
-319 -354
989 30
-495 702
-650 276
234 734
-485 19
-253 103
-976 -629
-869 670
305 139
-195 -981
-780 -469
138 440
-425 474
214 487
-327 -713
759 -969
872 96
390 -388
-1000 460
701 -724
-940 -670
-413 -551
-425 354
-922 -477
545 -645
-920 -25
833 -969
-441 -334
698 -330
796 -335
321 -803
-1000 750
-738 -374
-65 397
713 656
-956 -556
-29 -932
46 718
276 124
432 -916
639 -416
-164 686
585 -107
282 831
213 -691
675 69
927 69
358 -853
58 -640
843 -366
-58 -575
523 -350
-557 -902
-519 -477
727 -923
-554 522
-987 239
525 738
156 -972
-750 298
468 -206
582 200
-820 -226
140 -779
-790 635
-439 -830
832 -213
-490 208
-278 615
-257 -249
-798 322
997 657
-101 -686
586 743
-854 -433
-482 -922
-889 -137
-513 81
197 900
-217 -890
-773 -137
278 880
-552 -523
748 332
359 897
-577 312
412 419
70 -47
-672 648
-795 -415
-410 845
266 -913
-404 -410
-396 -491
774 492
-418 -639
-833 547
172 910
290 -316
844 380
210 314
-642 -110
-9 -603
-975 -718
141 -592
-441 -76
-797 411
284 632
184 -612
890 553
139 57
-296 912
902 -975
-833 430
785 -937
-474 863
-562 569
-378 -559
508 495
588 656
980 353
816 689
-377 24
-517 168
937 -249
542 -192
197 313
-568 101
101 475
-71 132
-709 231
137 -566
-490 -298
537 946
-544 660
599 -14
544 -927
-113 586
-73 -595
-612 306
-778 764
-253 -610
-716 693
415 167
237 904
-138 -15
345 11
-611 154
-304 -913
410 -593
-736 51
515 -413
88 750
-576 -657
365 733
896 798
-284 -657
-557 -57
669 80
172 745
842 -844
620 -523
914 -60
108 723
570 -812
549 -395
39 792
412 -584
-582 -859
-927 -285
369 903
-734 -452
893 -757
-950 126
-207 331
-663 -382
253 -332
338 -127
145 766
-760 -254
763 -199
747 -163
-689 710
734 334
-353 -646
-778 -27
799 -235
-621 358
788 -945
989 -621
-217 -494
-590 722
358 955
152 711
866 947
-152 -279
-43 310
-960 930
-951 -400
-208 -905
442 821
-249 -331
-301 -114
-22 -72
985 204
915 -87
-554 -373
13 384
602 -129
690 547
-671 -347
-391 549
-604 932
963 -20
-603 -286
-487 607
-476 -437
-972 -877
540 787
-322 106
-621 -796
-21 -286
-986 -70
-370 -165
233 -643
-183 471
-529 -987
571 279
-628 -526
35 -892
930 -731
-309 -329
-828 189
-77 -819
969 -543
709 139
165 402
-423 285
402 860
-137 -296
558 -812
893 336
-340 -130
647 106
235 -926
22 -541
900 -563
489 490
967 -357
538 -286
-182 -158
-834 673
345 480
-907 -340
-796 -183
184 -235
682 727
274 524
441 -475
120 -626
-615 715
-824 -799
-257 856
-66 665
-459 -295
972 863
100 -903
269 503
723 461
-96 -355
-806 425
-818 -56
-980 170
50 -311
-214 -259
-365 77
535 -46
253 -474
-680 -127
424 -805
-912 -259
-436 -207
250 -154
844 68
912 700
381 816
-926 507
-941 -435
41 -200
-691 261
100 243
-291 -393
-306 -57
-263 -104
-72 -705
-529 228
853 -299
901 -555
-110 165
342 963
824 -862
886 275
477 603
-113 -152
17 990
-119 939
-532 -785
-25 -747
933 -584
-885 -947
535 644
459 58
-364 -626
-698 -968
819 -406
-172 424
-68 556
-727 -603
219 -288
-392 165
-227 -309
335 695
155 -697
-817 -795
870 -55
612 -244
799 396
-370 -869
-210 -117
-410 38
-236 634
-262 -161
-490 -189
637 -669
288 -706
-976 -218
944 950
-15 -218
603 -134
-302 48
-565 -817
-806 -710
-454 993
-148 288
-774 -64
-929 -775
-864 0
622 746
-614 -391
-181 747
609 -477
-936 119
214 -862
-862 -783
-315 -780
507 -734
-141 -873
572 716
794 838
-893 -729
409 -920
-702 126
21 -136
-355 578
695 484
147 -407
-718 778
15 -262
-172 975
-160 -699
455 -357
959 -253
-71 -146
-52 615
729 -709
-255 -780
-396 -304
-188 797
-563 -140
344 667
-624 56
-54 585
-660 904
-465 856
-422 -746
-870 -405
895 627
772 272
-16 277
514 589
-23 -819
-17 -825
-112 503
-847 -432
-920 583
121 -3
921 -717
779 216
-8 204
-350 82
-431 -386
791 -805
667 119
-468 -483
422 898
-293 -478
-164 -463
-347 68
139 802
346 -959
583 89
-6 698
-871 211
-794 -497
-368 -556
253 -320
203 26
98 -784
-388 -717
-808 567
191 -198
-293 -437
37 858
456 -763
-213 230
661 346
746 -604
-399 -457
102 -536
274 -518
577 -150
102 -444
691 546
-436 -205
6 -757
324 146
799 -837
-566 889
-759 -651
-790 914
-927 767
109 881
308 731
194 -536
-502 763
-472 -781
-170 -642
-676 20
799 -684
701 346
796 79
-389 -870
-197 -11
550 -51
-210 428
-899 -269
-714 219
950 -930
187 -967
895 786
30 -846
748 549
-431 -382
912 -224
-405 817
-241 302
114 588
-138 546
-182 123
211 714
700 -28
431 -532
-977 237
676 363
-525 202
-810 979
464 28
-287 -922
-847 -514
-771 430
-796 -887
230 373
273 24
747 564
-986 -255
313 -817
924 573
120 56
441 552
277 476
-297 99
438 -334
-631 -393
-59 194
-376 283
-497 -516
56 855
600 -458
-241 103
-948 -495
615 -877
-505 624
-664 -223
-796 -681
488 983
987 -344
-179 -204
359 622
125 200
440 799
699 792
828 -159
132 530
593 -184
746 503
187 -908
-101 -643
-110 329
-499 -150
88 485
-819 435
525 -331
466 826
-960 10
-840 -299
-287 -427
28 -751
-584 -952
-277 458
-317 -529
-168 113
423 191
700 386
370 -885
154 762
-457 -576
84 -353
359 809
704 -821
-808 901
-288 842
509 972
436 -638
600 56
670 -449
328 -688
298 780
650 568
-597 483
-697 -427
-789 446
-44 163
-436 -51
446 887
278 317
-863 -992
821 -61
-691 970
185 -707
74 459
-880 -697
235 -335
-900 -185
878 640
454 10
-203 -186
-475 545
-164 621
52 499
-265 741
-639 -853
-933 -53
829 -604
-903 -683
-41 915
652 -747
279 796
847 -122
-369 -511
-22 -34
98 -590
951 -774
871 -585
300 116
273 300
-79 -267
-443 50
789 983
-612 -800
93 788
-121 316
-983 834
