1000
-637 -979
-407 779
784 410
-994 -23
-652 -432
992 -421
-989 697
642 -861
271 -527
-984 259
-176 430
543 -489
5 730
-148 265
580 -115
-646 538
601 770
-804 -14
-313 398
615 -817
-349 116
-908 -257
-163 -569
-916 480
-369 605
476 -857
951 481
271 -72
462 464
444 783
341 820
-61 489
280 -761
746 272
-894 -655
-179 662
-64 -694
231 -124
233 765
-427 675
-794 977
-214 239
912 -375
-80 -754
479 201
215 953
592 934
-958 709
401 -630
-390 467
978 884
672 -289
-751 -305
-568 -399
-730 912
-353 31
26 699
310 890
361 597
216 967
505 -209
-447 535
-754 671
521 -172
767 -311
-851 682
916 -145
330 278
-811 -826
960 63
-294 -957
-276 750
167 -532
154 -283
-123 844
760 232
-713 669
598 60
-851 187
-409 -876
483 55
215 547
715 59
-925 -295
658 -781
569 679
472 -199
329 433
519 -439
-332 -641
470 274
-738 -914
-865 -398
225 582
72 -402
-405 522
-532 169
402 -37
602 9
-941 -11
-135 145
-491 -609
934 779
-142 577
-982 344
941 -763
79 -745
810 224
158 448
-696 -573
223 985
733 -159
-562 -439
46 863
-521 182
47 -232
-426 -151
523 415
-118 -466
577 831
-835 518
555 37
-426 -633
597 984
-229 397
950 452
-272 -618
-170 -944
-85 -396
-272 -308
-568 -741
918 -165
-901 -434
840 -515
542 -411
364 -510
-493 -128
337 -280
4 -600
-809 106
-57 227
-488 278
-594 -209
-676 -464
-774 -998
-734 431
726 -611
-827 125
-184 -382
-563 -882
-437 670
-282 250
650 -472
354 -723
848 -644
279 226
-549 -945
-909 -698
-4 422
770 551
-497 -703
727 -927
-201 429
-819 -523
-350 -340
35 346
-721 -529
755 702
-999 -554
-839 -34
-237 -302
406 -365
-628 -174
-477 450
-578 -55
-906 -484
935 366
913 144
281 -557
-827 626
-917 935
839 228
454 -609
705 587
-974 -78
-935 -682
-661 849
743 262
-408 -673
-361 -585
-967 243
586 -253
261 173
124 -316
472 -536
-747 -295
653 -978
-199 96
-722 45
669 -456
-257 88
-394 -609
-908 190
-427 942
549 432
-988 -336
-136 -840
903 -42
778 -485
-854 -487
-897 -769
387 -504
698 86
869 -446
121 4
-639 114
724 -343
-676 -734
221 571
799 -93
-766 -403
710 -806
624 252
822 -490
335 781
17 -24
338 694
-337 933
864 -623
725 -17
535 -693
118 -18
350 -311
492 -453
854 546
-310 -714
700 614
-214 16
-547 -472
733 667
341 -811
-997 -567
271 -989
283 91
854 730
-451 537
251 -556
639 -520
52 -434
-117 -143
544 -871
-367 -143
-958 -387
42 -581
924 470
145 -667
-248 46
379 -474
920 -689
66 -802
171 570
263 386
428 878
992 597
-681 -733
758 -901
30 54
-619 50
-74 -440
270 -281
-216 -487
-812 572
-914 997
647 166
738 -327
450 -117
-375 403
527 -516
158 -481
-888 960
-560 103
-626 -301
-522 757
-695 -816
810 256
-1000 750
-285 304
852 -417
-588 520
811 289
-895 -357
-512 -333
-668 -427
-503 554
-791 752
552 -150
516 220
475 -401
734 -113
893 -262
960 -913
-737 871
828 -298
-499 -524
854 -821
-888 -899
-417 976
356 -526
-40 -487
-928 -663
281 -339
983 -801
447 101
-200 776
-677 554
-501 -169
448 778
-675 -36
-92 529
363 251
-912 -874
-713 339
914 888
336 874
731 487
641 607
-747 -699
689 -671
438 814
584 -784
201 -169
848 -764
-98 -864
198 437
176 561
531 -440
354 99
-189 6
-237 306
-410 339
428 846
-418 -345
-565 431
826 -279
-501 15
546 945
2 2
528 119
-250 60
382 218
533 -956
219 -296
-66 -833
655 382
735 -632
-364 736
629 28
773 -701
-936 -980
-586 744
200 444
403 -2
-959 -189
244 -452
-19 -475
-878 -991
-695 -572
758 129
-76 -259
530 271
-142 -576
870 -169
-25 -440
577 626
558 507
-408 -827
157 -571
-388 -307
-186 -292
-677 -9
131 603
-843 -958
500 -621
-157 -67
-279 817
-359 -755
-661 284
-956 -711
-592 -951
-647 753
266 -970
-883 179
297 -622
375 866
494 -388
-297 -940
49 943
-35 -188
-945 -479
-961 610
-223 -28
-568 158
-181 -283
-713 176
-75 -309
-298 62
465 -301
-142 -170
849 46
-368 127
-567 -851
-554 -232
-119 -714
-232 843
-410 186
-472 -696
-650 625
342 131
-384 709
339 199
-172 -982
216 216
613 578
-192 -657
-652 -987
-933 362
-85 -842
-525 27
-666 -295
-970 684
150 675
-893 309
-501 -473
801 561
-272 447
808 -777
-777 -852
979 650
844 944
-177 -413
-116 202
-640 981
-345 183
582 896
416 612
706 652
-790 991
-56 562
95 268
-517 -135
335 -910
422 -995
-978 534
819 818
-773 -718
-621 -175
347 -384
-324 913
-206 236
-572 82
691 503
743 592
181 106
-182 -97
57 20
-449 991
-959 249
523 -49
-56 -33
54 -549
510 -706
816 221
940 -400
676 865
-846 287
291 192
776 -540
-168 122
647 -304
633 70
-392 -456
-86 -847
-866 -247
-176 618
-746 71
996 -447
364 -862
-909 -667
662 -170
15 -187
241 18
-686 982
97 -847
-595 383
-879 403
405 -551
-968 -312
-33 342
-415 -364
-850 -542
-470 556
198 -97
400 938
283 125
-426 -927
-915 -240
231 68
-992 -897
378 -165
-362 -463
553 -173
-232 -178
414 884
857 -680
786 646
698 -173
-598 722
206 -450
649 520
82 705
-713 -573
-222 -768
239 -207
-997 -391
-346 846
196 -478
66 782
974 -377
-861 895
964 -373
814 -8
-971 -527
56 -800
-944 -182
579 929
-448 -924
969 -173
-779 279
807 255
795 448
-490 -887
-512 51
214 -713
892 -567
-591 -670
-587 -930
178 -658
324 -954
480 212
-469 555
334 -82
-132 898
840 299
-215 -29
-598 -771
-506 970
-161 147
666 855
-517 581
7 -269
-281 378
823 -513
60 -921
127 -906
469 -440
-99 -118
237 203
824 972
-71 695
-914 403
-820 204
83 422
341 548
-878 445
-212 -397
673 396
-128 564
-696 -18
830 543
854 314
870 -863
-819 945
-207 458
-667 -501
-935 -536
978 196
716 -878
-591 699
-240 999
-506 -651
-780 763
-391 705
-771 -750
-291 -312
-472 -966
-465 -701
-662 419
-872 -91
687 -183
674 83
-365 131
561 743
524 -107
436 596
407 -981
-94 625
306 -574
-594 -922
-548 -868
-368 507
-368 317
818 795
-669 -281
239 -32
781 -619
-7 219
-169 -433
673 -795
-960 -365
245 -697
390 -285
-21 350
-253 170
-985 842
259 -502
-591 867
-456 867
-31 691
363 937
-743 -665
-383 -44
53 308
-354 -281
-99 -721
-864 -71
-464 162
-124 -972
-422 123
-74 -467
512 720
674 715
-379 221
601 117
-881 -224
-250 57
915 -750
421 311
-516 -106
-369 -373
565 -577
-640 -437
-626 -588
836 -263
303 70
158 516
-917 578
-479 236
-665 -458
-183 -536
-229 741
114 -101
686 -778
594 -325
786 -80
391 -836
-515 625
443 541
-557 -307
-210 207
-497 -659
-67 577
285 438
-316 -894
118 329
883 766
288 423
133 -379
-462 538
-283 -759
72 233
-915 -960
722 -608
-710 -677
-204 -963
72 133
-236 -642
-327 -862
-459 965
103 952
-728 353
-577 -162
-343 805
288 466
-67 256
-197 -90
575 319
-573 49
322 -488
489 -415
96 881
813 304
670 565
982 83
643 224
-737 -765
-903 409
-260 962
477 21
366 511
-929 959
-205 -207
643 -680
435 74
85 787
-940 -543
-619 -442
453 -408
-207 430
-612 505
-752 931
716 7
-118 314
568 124
-784 357
-543 670
148 -999
812 -282
494 -975
-817 829
-459 298
701 -211
-448 297
-15 953
-54 197
-394 -45
632 446
-442 -350
-592 -339
-432 -472
214 489
-792 195
-154 -989
906 715
712 369
-200 620
-28 150
287 -866
-871 -518
457 430
439 -621
525 -801
686 281
448 140
951 -435
583 835
669 -755
569 423
-903 -608
557 -719
997 -63
-782 -914
-104 -31
-625 -241
247 -863
722 653
320 -233
-36 967
920 -907
-156 781
528 915
383 415
404 360
-958 774
822 -431
-324 874
665 -537
-576 -799
829 -94
-47 896
911 942
-313 -663
-370 424
-575 442
712 -807
-487 465
-607 372
-581 604
-396 -799
191 -993
-69 -7
-147 -342
-845 79
-39 528
19 883
935 -273
240 -281
65 285
-845 -64
589 523
-198 -715
-979 920
-200 122
-175 696
-425 799
130 469
331 633
-393 266
-733 -935
-574 -291
-782 -151
920 406
-277 445
622 132
-331 409
62 818
-194 975
-504 966
741 875
408 -55
739 74
776 -914
-833 -511
388 -216
-830 99
-279 -17
665 524
-821 795
717 740
679 350
193 -21
887 -602
-51 -988
364 -751
704 862
-88 67
-118 598
854 -876
583 -172
575 512
155 508
50 -836
-411 -848
924 -787
190 874
863 753
-266 -450
779 -455
77 -948
-140 -491
661 88
-245 243
413 -662
893 -811
-795 944
228 714
-879 -482
175 -589
-288 752
-718 -806
-264 518
-397 481
798 555
-609 247
404 643
773 -432
-666 -416
-211 356
604 665
725 -784
661 -349
-417 -392
843 -998
-87 211
504 -389
-677 -519
-690 -14
889 266
-623 -809
-452 -791
-492 -19
-307 82
685 -597
-710 -742
-656 346
737 732
563 -208
-190 633
-793 234
-367 893
669 -453
-460 30
-764 998
-993 426
-540 -309
-490 -156
-914 -586
771 48
-332 -131
721 8
-107 -706
125 -658
773 -271
-996 -74
-281 636
-490 -134
-841 898
-643 -747
955 -86
303 -638
-227 -196
714 278
703 -61
-791 -205
-272 -166
-784 -871
625 573
382 244
-362 -152
449 597
-748 23
-227 884
-586 -478
-122 -470
-226 499
428 -183
42 800
-976 843
290 -803
762 744
-697 -331
348 101
279 645
565 970
-749 -689
-654 710
795 -885
710 776
-629 -943
-864 -302
-631 -837
-417 -139
-773 -774
-506 88
-354 233
-759 140
-424 -478
613 -385
219 620
776 -364
-300 549
-666 -459
-544 30
905 967
-545 -590
594 304
-715 967
32 -844
-966 -845
-405 770
-565 -16
517 -924
216 -189
-561 -921
667 257
-822 200
-942 -731
228 -421
-790 30
-745 -42
-417 -987
-355 606
682 -132
-916 949
164 -821
237 -894
-308 -461
756 726
139 731
435 855
468 -535
488 -305
397 205
-973 523
-101 -721
207 846
-832 -930
-390 -923
-169 223
109 -678
555 -583
254 -475
817 636
-313 -901
3 -502
-363 -732
833 546
726 503
26 -394
-594 -717
-270 -912
