1000
-959 -542
-669 -513
160 717
473 344
-51 -548
703 -869
270 -181
957 -509
-6 937
-175 434
-625 -403
901 -847
-708 -624
413 -293
709 886
445 716
-236 533
869 903
655 -714
27 890
-311 800
307 -682
665 -338
134 708
-761 -135
535 631
-354 -259
-973 -147
-281 737
516 -222
-690 34
-821 842
-712 -909
36 -62
255 -363
433 794
883 -274
-642 343
-1 86
-619 547
620 -383
-928 945
-253 835
-36 373
925 -705
-64 -577
-386 318
535 528
-890 -919
-82 -467
-169 100
-363 644
-307 926
971 -695
658 -625
19 -269
-89 63
-733 827
-236 566
95 -496
975 284
157 -373
-656 -245
644 567
-971 -954
337 150
-67 714
960 429
92 -824
999 332
450 -719
740 -622
-62 -95
-807 754
-791 -421
-581 -66
493 24
-595 154
-100 -425
-247 655
402 -644
611 -473
538 -520
582 -961
601 -662
-714 -179
370 15
-406 -991
335 188
659 -528
-723 -268
-947 999
-595 925
-103 787
-882 -533
727 -114
-364 -528
799 -580
-697 -386
-198 510
-698 613
-74 443
-410 247
-489 541
-213 -712
-779 3
842 -407
-18 -314
194 -525
92 -664
-492 587
300 499
445 188
452 -385
-430 787
-209 274
580 -212
996 144
-538 611
-471 -714
-965 -833
-819 643
955 -812
806 -123
147 506
-806 -367
-740 -955
-682 -365
-651 -116
-134 -581
855 -868
833 416
871 983
-683 -358
-984 697
556 -538
879 -623
73 -293
-401 -491
-7 -144
853 -319
395 785
248 -585
0 -420
-830 -720
75 411
-397 746
828 -83
-833 -847
709 181
967 314
-633 -322
415 -450
433 -459
438 508
-870 -949
708 752
-869 -583
-729 984
-321 -477
-462 429
857 -57
-807 184
296 -594
-728 -903
-524 -726
-551 722
-895 696
301 -339
784 -743
-689 -657
170 -957
-88 -197
832 -65
-689 743
-693 549
635 969
-519 -858
185 -788
126 -840
533 -560
168 -539
-962 649
-721 -574
245 -986
-859 496
-257 -361
180 -691
-528 -992
-833 -989
-222 901
950 388
-803 624
-536 -588
310 812
320 862
-640 -851
828 -944
484 -717
515 -827
765 -746
763 -333
184 979
101 -524
199 624
-200 -903
-488 -376
543 924
18 958
55 -826
-12 419
497 580
-286 25
-512 -858
214 271
58 897
178 -644
-598 -41
-737 156
-765 -182
702 748
-113 -335
282 -456
-860 688
-306 614
-995 -876
-437 684
-353 -711
363 -545
-324 -418
840 472
18 -550
109 141
-201 -922
45 926
6 -245
-846 -695
572 -788
-963 -253
161 107
879 78
551 486
563 -533
-376 615
627 913
411 -494
-101 -45
-877 -416
736 255
-810 -491
264 -744
-801 -888
28 -684
-3 -244
-592 535
143 510
776 -83
-827 753
-62 -159
-347 823
-115 705
-51 570
-639 1
472 200
-955 -564
-698 -246
348 -677
-526 106
103 -120
792 -161
-547 -583
-13 371
396 -463
96 -310
-171 -660
-931 336
-186 -522
-454 205
626 353
-478 351
323 260
858 347
-110 16
603 -893
-289 -313
580 -971
-589 -883
-783 -437
-444 -72
-715 841
-953 -46
583 720
-349 -36
447 -638
-479 -38
-394 -518
-89 630
-938 -163
-327 -68
-778 -869
743 -492
-270 -835
449 817
220 862
626 919
198 768
839 390
-732 -310
-813 -272
637 -479
554 993
-829 693
-41 -457
874 -700
-594 -367
846 -157
136 457
598 -138
-586 -338
752 -566
-718 -333
-965 309
-125 -938
-188 -390
17 -75
-902 -320
163 820
-970 -525
-329 81
488 -412
978 138
344 305
-358 -273
-967 253
-665 -245
187 602
252 -825
-511 828
764 -402
278 995
541 542
549 612
-536 527
-884 225
800 160
-409 -926
-795 -321
-791 981
812 599
381 752
-331 -585
-987 -918
-930 -223
491 -42
-716 836
-412 -497
211 -348
704 -638
6 -840
476 -769
-842 530
616 -97
588 -299
803 228
-250 193
-27 539
-697 417
88 242
578 642
-30 856
-98 70
535 -302
538 -331
769 255
-485 979
-725 937
-136 -469
234 496
-696 857
597 -691
122 -540
139 75
-444 749
887 95
-584 526
595 -44
-992 563
-972 533
335 -913
-58 -369
-602 -550
47 -321
588 337
-392 -956
211 758
940 -122
-861 -310
946 -163
420 608
-252 54
-466 -227
-974 -790
178 35
849 617
219 741
914 358
-759 -246
-58 -52
307 -290
399 15
-655 -14
-462 492
-425 511
956 331
-929 905
-866 181
938 60
-584 -401
-840 -583
-612 -298
-384 798
366 -922
-443 -972
-271 127
-201 992
-748 -351
925 -177
-528 355
5 131
-779 833
-382 -990
-379 -816
681 650
660 624
-112 -652
406 446
-999 259
-778 452
-705 -374
-710 -751
-852 119
-689 -789
96 -984
186 70
308 -150
-962 -857
346 257
898 675
629 -104
-105 560
-525 -64
282 647
-341 -781
400 -80
830 360
877 -751
-1 -392
960 989
935 777
-509 -614
-331 301
-305 587
-284 936
28 -593
446 -769
-498 957
958 -510
515 257
-75 -145
-942 -307
965 -749
110 -793
-457 812
-679 38
-803 274
-932 954
-923 -300
-528 -238
-624 801
939 -462
-894 679
102 886
62 -212
966 -877
942 -325
-900 -997
-65 783
723 353
-972 172
-234 197
69 885
964 71
328 -144
-860 -712
-848 -185
672 622
-364 -403
308 -309
-316 -935
-889 -757
-346 528
-334 861
407 -599
-178 -187
513 713
-348 73
668 955
340 684
-982 657
-286 -939
295 -595
894 859
116 930
-271 747
-591 518
-196 -738
314 600
892 -705
470 12
126 -383
-898 -204
-918 545
-716 283
982 138
54 333
-299 -752
488 706
129 -901
-569 955
-290 690
-8 52
257 476
-771 -590
905 -139
651 -518
-528 186
459 -380
-848 -984
146 -617
31 924
-358 444
-401 -208
-904 817
278 -407
275 -211
-657 -562
876 -460
-699 -427
-242 563
-675 -612
403 888
816 845
-197 -782
-553 -83
-342 -771
-492 -65
546 140
150 655
-335 -208
-650 739
-610 135
-290 -67
178 560
-366 650
68 -497
516 -525
608 -482
228 -436
-95 460
548 -52
-846 -491
-457 461
-670 908
-664 -674
-86 -95
728 -672
-672 278
-613 633
-301 -850
576 940
126 -496
331 1000
-671 -378
-350 966
596 -447
272 82
148 -636
-362 -810
872 815
-618 569
-754 -367
160 -190
-57 -405
941 -721
-585 563
804 582
-792 435
615 -392
59 162
-115 -934
503 -715
686 569
582 155
157 960
345 -982
-745 417
-504 -583
-241 -225
-105 541
-820 379
488 762
-126 364
-105 -759
-542 -526
-31 -192
-891 535
567 785
593 -820
581 947
-665 -246
-520 12
667 428
422 910
758 965
-604 -587
908 215
754 -579
202 472
-683 -42
943 -207
-838 -309
362 684
777 -482
-459 -41
446 19
-726 -791
317 -625
-431 -65
-283 974
-993 -231
216 96
-834 845
481 -79
-678 -517
668 962
638 531
670 -343
53 981
-820 780
-180 724
412 864
-308 604
-306 22
403 543
504 182
-777 -775
-570 303
-510 -154
116 -890
639 -865
187 454
862 -319
452 -743
705 784
-375 460
-38 -181
-111 -572
175 871
758 -298
-643 381
-418 -181
-764 -981
-837 -413
-841 -674
-964 295
-832 53
923 483
670 -488
649 -743
210 856
771 276
-259 -394
-530 125
-575 839
-292 502
-140 -147
-67 881
253 -261
-400 -411
-556 -340
-950 -260
-203 -732
480 426
-638 -941
583 386
830 -644
324 -965
-76 478
-573 829
-237 735
801 594
832 882
967 325
338 364
229 784
-395 248
642 424
531 205
263 496
232 636
-996 -172
-811 -908
803 -367
519 842
-538 -381
877 187
845 986
685 -83
772 -433
-75 -472
339 481
-101 -486
-521 536
489 -810
-762 -1
560 827
840 482
-216 -480
525 -204
-223 386
204 543
568 -34
-44 273
-927 -817
620 487
820 261
781 -421
572 154
-592 -524
-841 448
-82 68
-625 -5
954 -797
-526 -506
363 -409
-811 -932
716 -395
10 -253
51 -116
148 -325
710 923
440 -260
-48 -190
-139 -609
453 -395
-101 -402
-874 -322
194 19
-620 -432
237 516
-2 -334
-759 -127
237 522
743 -901
607 87
293 912
671 -827
573 46
564 -256
-1000 718
-931 -6
-323 -336
740 -111
779 558
92 602
-831 238
915 511
-837 53
186 971
-82 -255
649 -19
-857 -562
562 -496
-378 902
872 784
462 -99
-858 -322
87 811
-64 -156
-370 -961
-764 -453
483 211
-852 -53
172 -610
-835 -911
64 52
-488 257
-428 68
-130 -867
-391 932
-556 -830
961 483
-262 -854
332 859
-797 274
-6 419
-108 -641
-492 -120
795 633
228 -814
-298 -524
-682 -465
336 438
-804 642
-735 747
-826 -593
653 -518
454 -973
600 -142
239 772
333 -503
-144 -580
68 -551
-810 -905
-252 814
288 -732
-992 -557
940 111
-691 131
371 774
845 -14
-932 249
-81 -370
643 -126
-851 226
-255 -334
917 666
-553 -206
-51 -808
-155 -650
714 -432
546 234
-530 -740
550 -659
181 -715
-302 -899
-366 457
169 -472
977 -889
470 -621
-757 -123
-337 -199
-644 -983
988 316
154 424
654 288
198 -435
-60 -795
158 -843
395 -311
5 683
522 -219
-906 976
964 -36
607 -987
-382 683
164 898
916 -909
-896 -622
192 780
-521 190
-586 -300
-738 806
402 -918
-682 579
331 264
-617 438
175 -500
-642 819
-940 -582
149 -744
-737 -309
876 -663
296 596
-329 -594
765 8
404 -2
-458 529
-977 378
352 283
632 180
87 -424
-18 -244
-517 -787
497 474
433 658
-252 -907
77 86
519 -794
963 771
-130 -898
655 342
-418 67
-928 -139
401 707
-42 250
203 -927
-246 32
516 -73
768 -347
-747 -360
923 -906
-647 869
717 -178
668 -28
-554 723
-931 -204
553 152
600 824
902 -565
372 552
-126 952
70 836
-208 187
-497 -925
338 -930
54 478
737 -458
-536 -239
88 -124
324 67
389 -293
-56 -344
-861 577
-525 160
-699 387
-783 9
-999 -873
450 -247
31 -258
-979 914
-500 244
-995 355
706 710
642 284
334 -247
168 885
301 -371
969 -813
91 -221
-348 -323
651 -251
-979 -987
980 39
-760 -927
415 807
-298 -762
48 226
-358 -145
-233 -545
-2 37
594 477
-686 275
313 -463
676 979
-428 -302
257 937
207 -544
-827 578
944 -24
-233 4
256 -875
476 183
19 -913
-71 770
986 -217
-50 -44
-4 96
802 -445
-332 133
-345 457
-8 544
591 -789
-166 -163
369 -441
18 250
-213 -284
484 601
586 -785
192 681
762 -647
287 -648
718 564
413 434
-399 -505
-267 15
797 137
4 -949
392 -266
272 873
