1000
-987 57
-887 -691
994 -855
-367 535
-221 443
887 -994
911 -82
826 -837
88 -207
707 851
-737 608
840 206
-784 -419
998 -996
-529 -274
28 917
985 856
314 484
476 -294
-154 -540
75 818
838 -387
-843 638
353 -600
-452 -262
-110 -445
-291 -632
433 -453
339 728
111 -54
5 -62
-12 -376
482 92
-347 369
420 610
-400 47
778 -965
-676 425
614 -258
401 -716
703 202
-63 399
-199 -491
925 573
782 -675
-100 9
476 959
-830 719
-79 702
518 262
616 421
891 247
972 522
754 403
87 8
-912 -108
248 792
724 690
545 -550
-756 -323
-469 -406
-854 787
-973 -958
-499 -398
277 -44
-727 738
-716 -585
-420 -590
-198 -960
-973 780
563 -84
-348 -295
935 944
-381 -738
627 823
-562 -337
-368 90
-376 -96
735 -348
-474 582
-177 -34
37 -862
826 -923
-102 783
214 -312
-712 -187
-797 -86
-307 -649
-186 -816
-770 977
-336 965
-579 973
683 -47
94 -246
-401 -535
657 355
-608 171
915 87
-680 856
-555 259
459 -100
423 286
354 155
-565 108
248 877
-838 -41
699 -68
-527 -297
339 659
-185 -745
57 368
921 27
-130 353
754 973
-972 -94
-819 -117
92 444
-192 503
-963 -493
-787 -353
-855 218
259 368
-42 736
994 -152
-695 522
-716 848
-29 -45
-534 343
-803 -123
-106 -287
641 597
-560 349
-25 -71
-186 -210
708 -205
-518 794
-272 242
357 -872
-906 -150
-253 47
-152 -559
-754 -4
-365 -216
-945 -297
118 -555
-580 497
276 -742
-328 244
772 795
803 -749
-251 312
-435 771
-483 818
-218 -308
-558 -539
-635 -908
532 -600
929 -561
771 -622
319 404
-66 847
-94 -712
484 683
-307 -188
-797 570
-873 -491
-29 -696
651 195
89 -598
611 -217
17 -538
-153 920
-518 -28
61 691
780 463
-245 636
500 452
670 -429
490 118
934 937
544 117
136 464
368 -265
-956 337
-923 -466
-599 903
-739 -788
-938 -384
-878 -438
108 -967
747 -267
728 246
973 -278
-982 606
-545 779
947 405
621 138
-835 -463
112 773
-580 -636
-832 342
-287 67
49 532
-757 -581
-563 662
281 25
684 588
-29 721
-181 -550
-744 178
-783 339
-601 -846
72 416
-952 -827
-197 -200
320 -912
-898 541
340 74
681 194
-257 -288
212 852
-968 -250
-721 640
-918 -46
57 771
173 842
44 930
576 -237
584 -677
607 842
-25 -840
651 479
927 928
-927 243
-109 -309
277 -725
-214 -955
-447 -187
-93 -787
280 231
-741 -349
-941 -321
-867 -600
-120 -784
-852 -182
154 -968
-162 -842
438 -607
-758 -110
195 664
94 475
431 291
-692 993
33 841
619 92
-605 -11
-947 -610
190 540
-889 -447
-423 -358
817 -808
-500 14
-968 560
823 95
-797 -103
-270 451
-373 205
911 -413
-525 781
-101 -13
394 -226
881 -937
376 -869
835 -696
-966 -843
59 570
439 827
-807 325
-620 90
-686 -7
21 -244
944 -4
766 5
784 143
45 -169
72 681
-109 464
804 -813
460 598
509 -628
-359 439
-176 927
924 437
526 -474
880 -566
43 -858
-539 -390
595 -293
-40 -542
239 -669
-172 -596
214 -134
703 -420
349 244
850 -148
-35 417
346 -911
748 783
-266 -928
282 204
711 993
749 -249
-910 690
184 24
-160 -141
-670 930
-566 -159
-521 -984
-652 999
-679 11
141 -962
701 -115
-256 -494
315 619
133 122
-764 -32
-516 374
-457 -576
36 -442
-47 153
718 462
978 -891
286 -676
-234 630
-725 -688
-364 -332
987 -109
454 247
615 -948
-870 552
948 -943
409 -549
-510 -353
-93 162
-276 367
388 326
584 485
-530 192
-892 -634
465 225
865 69
-665 -208
-158 980
956 -251
660 49
-330 -396
50 -310
808 310
-806 593
183 -880
-361 102
-33 -700
-392 103
-533 -853
-324 -675
-293 -404
176 779
-681 -391
-782 -294
181 157
-236 28
-732 -556
-129 -340
937 -27
748 -298
-167 -407
-680 586
-93 105
-613 206
-763 -407
576 -367
864 -444
694 918
361 -257
181 -936
94 261
995 982
-613 390
399 -47
792 -605
-773 680
940 33
111 -773
-328 41
206 -609
425 545
946 568
-197 698
-910 164
-403 716
-900 881
-598 -624
94 368
348 156
-79 -617
-393 -699
-606 938
-802 35
658 273
715 186
-979 220
784 -831
-276 488
132 -117
-538 -834
787 -802
903 -183
307 -908
-13 -901
-410 -893
784 -144
366 690
-567 -901
174 -156
914 -448
-769 -609
971 464
192 -971
-89 -163
452 -251
-412 27
-203 -739
-935 620
499 -732
277 304
426 -993
-613 -142
536 -162
-789 -248
-953 -146
634 -521
-339 525
375 -396
639 -664
-192 150
-646 -794
-578 811
-129 -631
-126 376
414 -460
998 68
-223 266
434 964
-167 -960
-475 -810
-383 357
-369 310
433 -11
981 -918
733 452
273 -460
925 188
-147 297
-633 391
-581 254
-276 -185
-889 -310
-813 693
934 835
712 -132
-395 424
-702 -958
-978 -371
719 699
-535 -445
954 884
-534 -33
740 -351
948 222
-493 341
-409 -238
605 -226
-240 -820
568 -5
952 -35
370 663
-646 -582
-626 1000
479 614
-65 -400
-312 -617
-109 -211
104 -784
-382 -927
-548 286
-364 632
-910 -259
962 124
-731 -491
946 782
-896 -809
-503 -205
-890 855
245 717
226 23
-513 -841
-565 -354
259 223
-545 915
-629 -37
-208 646
459 574
-80 -630
-300 593
-863 855
-286 805
816 679
280 -349
138 -126
679 -923
545 -47
-475 -384
-325 -873
-367 -611
848 -729
-949 -907
-678 -576
51 378
-863 -86
-285 -818
299 -639
-617 -31
-189 183
-614 -852
635 -677
558 118
768 -413
-809 -516
-448 -174
-542 643
160 -414
706 270
-920 453
360 153
607 -531
643 917
-384 383
-417 827
126 -956
-12 975
975 768
-364 770
-213 691
-634 -950
-104 -299
298 -269
-173 491
871 -437
280 771
691 655
-7 475
363 596
-373 981
561 576
848 -560
991 589
-790 980
33 364
-453 870
-571 876
960 -332
-167 -693
-911 957
579 571
-936 136
-24 789
268 -547
-501 -709
-196 -570
677 567
-385 880
-953 -25
329 -308
-519 631
800 -438
495 -707
679 864
-645 -84
-510 36
-150 -334
12 -740
-245 110
460 -240
-87 -151
-703 720
-337 -705
878 -38
803 -609
244 -651
-163 -554
593 798
-576 912
-580 -126
31 255
-621 -379
449 491
373 -430
-306 68
649 -410
-787 -612
941 794
866 159
134 -629
137 -380
-700 859
318 88
-461 -317
-928 111
-270 754
-357 919
-342 -61
131 -787
583 700
-931 265
-279 -527
-504 802
-512 -440
-499 -302
942 130
-567 215
-230 -913
-984 -269
-701 -80
-472 -454
-420 -736
838 -101
-214 553
-604 529
505 498
-971 -300
367 -725
-898 -745
384 -613
-851 110
-591 -911
809 -747
-142 -139
-619 -303
-906 -209
-617 143
128 -869
-621 -162
-724 -639
-263 396
-320 -229
-416 520
582 447
-135 938
994 606
510 -770
-295 -305
625 -161
446 968
-513 -792
446 -85
-285 856
-45 541
902 279
198 348
385 309
-664 41
-381 -229
416 777
-391 -187
-131 -746
-602 -200
-204 -27
-512 -654
-403 910
26 388
930 998
342 -94
78 135
155 405
420 -915
315 274
873 -215
627 397
975 638
-348 -634
490 88
748 710
959 -463
492 -580
804 395
-952 1000
-571 580
81 793
937 523
255 -193
621 -20
-256 -920
-129 -556
225 741
-586 739
53 -393
-989 815
-141 -759
-228 338
-273 -263
-763 94
-517 -36
131 -710
985 -713
-593 773
-563 468
-718 274
-868 -466
344 -578
-355 -208
954 -624
364 -430
-477 -891
651 -419
-631 -339
24 -760
250 -608
-383 -908
-974 -410
-648 184
543 -839
300 -727
941 797
933 -282
482 -921
-764 694
-142 932
126 -941
793 607
658 -187
941 -375
205 148
375 632
-139 603
-589 -218
722 53
-926 -820
816 254
-814 -290
-162 -12
910 491
-784 -270
453 621
-873 -92
18 652
-220 -585
727 -558
-665 -297
71 -634
-512 -896
-613 748
377 984
-836 -468
316 341
-835 267
536 973
925 192
169 91
-387 -753
395 717
-675 -199
539 -729
-975 902
-278 671
979 359
392 861
608 -790
-660 -406
157 -126
-993 363
-170 -197
-796 323
-990 -825
-958 860
-475 451
699 615
271 -179
-180 908
945 887
-584 -412
920 338
81 529
-966 478
-870 19
821 81
-793 -203
-68 492
13 216
-926 401
657 -231
-326 707
54 251
344 938
-373 500
-863 859
207 -478
-605 492
-818 916
-318 690
252 924
-391 236
-897 271
-968 90
623 -898
709 -717
196 703
104 75
462 800
959 94
-421 376
-936 -630
-370 -445
83 -286
940 981
-380 -171
460 -757
-848 -867
752 58
496 -310
-306 953
-319 454
714 -562
-591 703
920 957
712 -813
667 758
247 -190
-788 799
345 369
-536 74
473 -292
-756 185
511 -723
-930 -670
493 227
-381 262
943 999
380 -93
243 324
-832 -55
-373 79
246 518
-747 -350
-779 383
968 -979
-515 451
-830 478
-909 -517
927 -114
-898 410
-506 -788
-211 551
122 -781
982 -66
564 754
187 508
-589 -911
535 675
-537 -802
-86 -534
672 -296
-655 -988
443 -876
-272 393
-183 -114
752 -984
-468 -250
-913 -388
-722 -622
-581 746
628 -347
-802 410
200 503
-874 901
552 350
-703 -774
105 -592
-742 59
-919 974
-126 -58
-966 -585
291 768
-313 -722
884 -987
-101 -554
-31 966
-997 -994
-330 697
57 -938
-24 -491
-241 587
616 118
-904 589
-694 -964
-823 -69
-510 184
-643 -177
610 -71
346 -180
-454 593
654 605
-984 -885
-689 895
311 -820
225 724
-593 -532
874 227
-897 -382
904 -846
-318 -957
-620 242
782 196
995 919
-282 -332
705 486
934 -35
-361 1
817 619
474 -273
567 699
-368 -851
364 643
-510 921
-257 -26
-786 -16
-547 325
891 -262
-58 -674
586 -278
-761 -953
-992 471
145 -985
-117 488
244 794
724 -744
132 -137
-873 719
652 44
10 658
3 712
-104 161
-951 523
215 -415
662 -551
-301 -782
665 -973
-440 -194
524 655
91 882
-963 105
-407 313
-559 -941
248 -982
-55 84
-115 -988
-402 877
-255 -517
-980 -568
-82 -716
120 -39
82 849
-146 -531
465 862
-597 816
654 -789
805 173
-827 818
-330 -557
455 -156
-211 -179
626 -353
986 -712
489 -46
30 -760
365 425
-511 -720
-838 -235
533 132
-115 -661
361 -43
635 460
-482 -491
106 279
739 698
-360 -40
-657 464
-955 304
111 544
285 546
865 -213
