1000
608 -352
821 -309
-767 338
-856 -721
324 143
-408 -379
-786 -932
714 966
-671 719
-791 -416
116 -163
-15 431
-204 -388
748 -521
325 953
-879 -310
-807 620
213 908
-276 -538
905 359
-712 854
-269 557
41 593
-820 72
-632 -888
-262 -583
-328 -227
-727 -726
-343 -179
-887 -894
-269 -981
-897 -433
-268 -916
-454 -216
-948 891
-211 431
-865 -422
-132 905
174 -940
-285 -223
-534 -974
350 -675
-718 -37
61 590
-817 780
475 238
-114 52
55 -324
891 -8
-836 -530
695 -864
-548 992
73 628
501 608
979 819
715 827
-184 -425
-613 -26
886 23
-70 -178
-764 346
-299 -297
-508 129
-318 -658
884 -375
-596 395
-195 675
156 -69
112 401
868 377
-753 176
-308 868
-338 -288
-821 -445
-648 -965
-421 808
-769 463
-591 -146
183 -463
57 537
-513 603
95 11
218 188
-967 41
570 -368
454 955
-548 401
526 948
-194 972
-449 528
480 -960
-424 -210
387 -94
447 -687
-731 779
369 -872
775 -370
558 -709
946 -928
584 -744
321 -107
-515 -902
-252 225
-283 -741
602 -19
-677 631
247 38
-649 654
-521 290
-333 -19
998 561
-580 -113
-868 1000
-645 -266
-817 688
177 -832
-960 342
930 847
466 -663
-622 898
-43 698
-949 373
-937 491
458 -313
-912 64
152 528
537 -942
140 729
-757 -161
43 -889
-947 -650
543 -241
-539 717
-256 508
867 -609
-507 100
339 667
-961 37
-485 73
563 822
846 14
237 901
488 649
-434 470
603 862
169 218
-392 -663
-215 -837
620 -151
-118 662
-107 -752
411 761
13 269
829 -320
-126 916
702 892
692 262
744 -935
-616 -71
607 -927
-998 116
22 -378
-418 141
-379 163
855 -596
-711 416
667 -519
-403 -836
56 224
-544 -367
-168 620
24 882
-381 -736
-13 -232
-813 453
-714 653
-704 -13
136 -586
-114 -291
-363 -311
564 -119
650 -352
-764 -624
-365 -251
592 -168
201 497
270 236
-951 -583
-825 -434
-226 270
-715 986
-502 -33
-863 -305
-470 -540
-888 -795
537 -181
-553 617
-609 759
85 -71
-524 -401
558 -516
-418 152
743 -467
667 -472
466 545
-95 -637
-248 750
752 426
-761 51
-274 -600
33 -247
-612 -467
260 -217
-815 -73
-878 95
689 -803
688 -344
-389 495
-11 241
878 642
144 -84
-331 -140
586 437
424 -413
-887 443
731 -855
-150 -568
381 956
-189 388
-304 852
-62 -707
-791 -325
-223 -344
-957 -547
924 -204
805 -918
425 732
604 -406
-534 192
-494 156
581 854
796 881
442 -960
817 360
967 -974
77 -498
-949 -601
-163 -436
-331 383
-373 972
643 99
-817 -927
75 379
235 -323
-247 376
-886 490
-735 -153
-589 564
871 -168
-130 -579
-357 -121
-525 -122
-87 255
245 43
-232 819
849 -481
-79 -239
122 238
-336 330
-674 -9
-264 306
972 587
-654 71
-936 -70
-871 274
825 -291
567 -290
31 -4
901 159
717 -312
530 -967
-59 94
-784 -897
-161 846
-181 -356
393 191
636 -735
-325 852
-944 767
-521 233
-116 541
594 194
266 -878
-876 401
74 -627
-841 -274
465 931
128 -288
411 -342
677 565
-279 969
687 958
-152 995
-561 83
-316 -996
130 503
987 274
-57 -756
-179 55
-369 660
-328 -881
843 30
-113 252
623 -88
-932 921
-159 -287
607 -470
-50 746
-300 446
91 -771
824 -558
225 793
-784 -681
-732 -876
-126 31
-836 -141
-387 82
904 -129
-80 72
386 13
-814 94
408 758
765 400
-328 778
-296 -217
830 -114
-379 -924
721 178
-468 990
-925 -998
614 -591
-414 366
-758 655
-901 -79
-513 -945
-637 98
-563 -406
-186 -689
-711 -23
-669 -445
796 -370
468 -199
781 236
-940 8
-178 -447
988 438
-210 636
-7 -687
-911 940
53 -500
819 700
752 -470
-324 -203
-628 -863
-167 252
-850 605
-659 574
187 -887
57 -411
932 -595
-344 747
0 -603
954 -757
-271 364
-889 505
-997 576
-54 90
-518 -54
434 790
5 -603
-152 50
90 -532
390 -340
537 370
-737 638
268 518
-468 -244
467 -513
-287 99
879 -550
945 -622
-441 513
463 396
-517 501
-574 -627
-745 399
-407 -971
-642 469
166 -356
933 509
-484 219
-511 -237
879 742
-381 467
727 -344
-482 280
-844 545
-307 78
259 374
672 -373
-958 -697
-966 -650
382 440
153 -549
828 747
-94 619
-265 257
764 88
-698 -688
47 996
-539 -796
718 833
-7 456
-753 -68
787 -384
-292 32
361 302
-382 109
334 -390
-836 -221
-40 145
-143 -314
-351 764
-6 -794
90 548
464 -624
-62 869
788 -639
380 -732
429 137
547 551
-503 -60
877 -702
-849 430
121 -539
-928 -656
831 981
306 -402
-716 583
831 110
-542 -17
446 317
-516 361
283 -604
-828 -895
-684 905
595 441
934 857
25 438
896 967
973 498
-444 -187
883 355
383 -612
228 149
-333 560
-694 866
686 165
476 230
-252 -765
658 -954
-898 -410
298 -359
405 -947
168 -430
-271 -481
669 -692
778 371
-7 -422
594 -513
622 730
-616 -403
-291 -94
-750 925
-398 -895
469 -295
-703 386
-155 453
-180 -419
-209 835
-153 -740
-853 -712
-952 -680
-854 -773
-534 -577
-446 -770
407 -323
-642 -973
-328 -731
317 -755
-151 -793
-22 -849
-510 -125
974 897
884 -465
-538 -232
532 -216
263 -376
503 -455
-684 -879
-963 -874
-748 -408
835 683
-542 -60
-869 89
-69 172
-489 -906
547 -306
807 481
282 -773
517 -387
284 700
-627 626
807 -228
729 -169
-822 -445
-883 380
-711 -45
-793 -479
-206 188
-299 -294
8 -96
-310 655
-810 -19
754 -626
-67 895
48 758
-389 -500
951 -767
127 -374
-774 862
120 564
806 -661
-863 93
-614 -445
466 153
-70 -578
829 285
536 616
914 -74
-985 -804
-797 749
-133 -753
292 311
-225 -485
-562 -15
-450 -341
266 449
371 -376
634 -70
-969 983
-180 -759
539 -249
-210 -693
259 40
-284 976
-548 -459
-759 542
-840 448
169 298
287 -913
321 35
-685 -925
-11 41
19 -941
733 792
614 837
-559 379
686 915
658 363
-378 -674
88 -160
-391 -33
-440 -334
676 564
824 401
104 281
723 -129
434 -692
148 941
-617 185
-494 -103
403 987
662 -232
201 602
-184 243
692 -39
-986 -241
710 -757
790 673
464 -871
830 -167
276 -113
-37 983
-375 879
-652 -728
-977 -752
896 -133
-22 890
-700 -370
852 -545
513 134
-661 764
-781 994
157 600
-72 -998
876 19
-495 -419
-470 -846
223 -747
916 904
189 -564
-815 -788
-297 -529
222 84
-580 218
-920 581
-137 -377
995 141
-330 -419
-470 -772
-161 -250
574 -58
-339 -598
-972 -703
804 223
133 585
6 -398
-210 -4
-646 626
-680 -302
325 -701
-991 -699
-394 -552
-613 -665
76 -922
843 30
507 -95
-728 444
-655 -166
-144 -10
872 -675
412 453
881 -534
-562 233
-361 644
514 -801
-184 921
-309 391
-412 990
-946 -824
-362 67
-964 -884
-472 -142
-11 -95
-395 679
281 115
714 -607
942 885
-366 -3
-88 -984
969 -257
-151 -119
-569 -351
612 -659
-970 532
336 -174
-947 903
-767 563
-127 -603
297 -955
723 267
750 -982
982 -843
715 834
85 186
421 -99
-136 -715
-572 883
201 327
-70 101
768 754
-372 -712
257 -285
234 905
621 209
576 -835
-21 -546
143 6
693 -503
30 845
537 -199
-641 -351
219 -722
905 673
903 -429
239 585
254 -765
-869 -604
-576 157
-983 -866
978 -623
257 656
-107 -133
14 95
-516 -58
490 -202
293 -122
-205 990
294 -117
-511 60
549 768
310 -837
-943 204
-148 -175
231 902
246 -540
-495 137
77 -761
-772 905
-899 262
-638 -582
251 -845
643 -20
-771 -890
715 -94
-303 -816
151 -670
-655 -80
115 535
-904 831
-414 400
-492 801
-356 868
831 -269
738 240
-429 -53
695 -498
776 223
-380 196
-658 906
-776 -445
-903 -721
459 693
-25 401
-517 -247
484 -240
-604 124
76 283
945 101
-888 -477
669 824
-732 551
970 -335
81 -364
751 -618
742 -13
-565 -315
65 908
-287 316
511 -891
833 283
-70 539
56 -180
-104 -255
-424 -985
-425 -899
763 -378
969 -66
-457 280
239 116
-945 -579
-283 -328
77 -955
779 220
403 -320
944 -239
-298 943
-590 938
459 -992
850 -511
-674 188
675 -965
-5 883
377 -334
137 369
-875 -527
-458 -529
241 -7
741 -711
-528 203
-998 295
-60 786
-4 703
-550 -696
-767 -520
-507 -223
599 -404
-327 -23
344 -879
129 31
-408 849
672 852
-36 710
958 693
-360 719
-569 679
-517 -315
855 -431
242 683
637 -919
5 804
818 -172
663 -390
885 -332
-227 -871
540 524
-136 -715
612 -267
-934 342
-303 -29
-391 779
-499 -192
-947 -96
-538 -539
-926 -852
107 -960
388 817
741 327
911 -996
-71 -814
492 222
-648 -404
-724 898
-15 437
84 -408
-284 -8
841 -184
331 334
-579 781
-273 -978
504 -236
51 789
-509 -866
608 918
845 451
-767 -807
-803 485
-509 -834
21 50
641 611
1 -286
705 883
899 828
-880 86
30 912
-717 522
-344 344
-280 -974
414 891
949 -44
-161 -234
276 -813
-417 -720
-689 110
656 -999
725 997
-466 -775
529 975
-284 -545
377 -267
-682 923
-799 -305
520 -649
411 -968
-750 499
472 756
-867 -331
-160 -499
84 245
95 -738
855 -333
-808 -332
-852 179
-14 818
-157 -9
-87 -724
966 707
-770 -768
457 393
-765 425
86 -109
-690 -655
-416 277
768 810
-124 -715
805 674
163 354
-446 -965
-700 -861
-447 -834
-809 -372
846 -948
-354 937
799 286
444 -21
-398 409
996 -727
-465 963
668 -396
-300 365
-372 -669
-667 -395
491 -979
-880 348
436 -545
-114 -510
-204 -800
94 238
25 -945
-490 -526
572 19
727 771
298 -623
-863 -196
-526 312
587 511
-750 -159
-745 272
-638 25
11 183
749 490
570 -281
57 701
636 -408
-492 -471
-594 370
52 -435
882 -862
304 -43
48 781
211 -787
-569 428
-355 -209
821 359
426 -132
-348 965
167 135
-377 240
743 -991
0 -37
243 -154
-48 512
-37 574
-860 -776
320 289
871 15
205 -983
-711 626
459 -817
-540 -744
689 -793
-985 943
-383 56
490 157
487 663
271 -970
624 775
-957 -856
-1000 146
886 -678
139 174
640 -665
-600 -666
25 -44
-671 -207
789 318
530 -158
889 209
768 690
-457 283
789 846
342 -689
-969 347
759 980
-275 -467
-953 -932
-202 936
572 -215
607 168
